t0,t1,t2,t3,t4,id
0.0,0.18179783,1.0519049,0.35691583,0.71269274,6
0.0,0.18517911,1.020977,0.36914027,0.7340546,9
0.0,0.21947518,1.0570986,0.3767302,0.7499612,19
0.0,0.20206115,1.0674509,0.33157837,0.7328823,21
0.0,0.194366,1.0157793,0.36552078,0.7179011,23
0.0,0.19514215,1.0158662,0.33707598,0.7311347,24
0.0,0.18134698,1.1269933,0.36814308,0.68591183,27
0.0,0.18647683,1.1050469,0.36537978,0.676678,28
0.0,0.22064313,1.0723072,0.40127867,0.7184089,30
0.0,0.22139326,0.9697678,0.37383756,0.7501027,33
0.0,0.20619516,1.0174493,0.36375952,0.68775666,35
0.0,0.18815789,1.0075442,0.36044353,0.7356914,36
0.0,0.20706001,1.0406677,0.38605925,0.70332754,41
0.0,0.20135395,0.98514473,0.3467311,0.7368175,43
0.0,0.19292644,1.0600681,0.37605718,0.6858048,51
0.0,0.19546801,1.0699351,0.35961345,0.6914836,59
0.0,0.20615396,0.93361133,0.3225464,0.7984325,60
0.0,0.19039701,0.98845166,0.36822918,0.7695643,62
0.0,0.19314049,1.004505,0.34269705,0.7380699,63
0.0,0.19953325,0.9684448,0.30916625,0.75877506,66
0.0,0.21296513,0.9469288,0.3161437,0.78972936,69
0.0,0.19679132,1.0345706,0.3653764,0.7023491,72
0.0,0.19306895,1.0915376,0.36939934,0.6885177,77
0.0,0.1960811,0.99533755,0.3466601,0.7461507,78
0.0,0.19832182,1.0040345,0.36082438,0.7453282,81
0.0,0.20328987,0.9815379,0.35438842,0.7384273,85
0.0,0.2239952,0.9777637,0.3621447,0.75495934,88
0.0,0.20862404,1.0336232,0.3545201,0.7343479,96
0.0,0.22173855,0.9979607,0.35862187,0.75791043,101
0.0,0.21250461,1.0000225,0.3476894,0.74842,109
0.0,0.2164465,0.923211,0.32759243,0.8071721,115
0.0,0.22401017,0.9754076,0.36626297,0.74135417,119
0.0,0.20350793,0.99066985,0.34203926,0.711537,121
0.0,0.20376806,0.9849975,0.34753144,0.713466,123
0.0,0.18276644,0.9715126,0.35050055,0.7769103,125
0.0,0.18920434,0.9963226,0.3394952,0.75680923,126
0.0,0.18943222,1.0303512,0.3629802,0.70176935,131
0.0,0.21563153,0.960749,0.3489721,0.7523901,134
0.0,0.21643987,0.9551702,0.35089815,0.7448322,136
0.0,0.20045051,1.0387368,0.33830371,0.74713,137
0.0,0.21523346,0.9664219,0.32608137,0.7491046,138
0.0,0.17879912,1.1134005,0.33147517,0.67762995,140
0.0,0.20561351,0.97513247,0.33380178,0.7431753,141
0.0,0.18566993,0.99505585,0.3264115,0.7572074,144
0.0,0.21578833,1.0343981,0.3809692,0.6845047,145
0.0,0.19906904,1.061461,0.3749301,0.7242758,148
0.0,0.19207211,1.0023865,0.36514962,0.73273826,152
0.0,0.21046537,1.0162786,0.38773885,0.6924901,154
0.0,0.21471743,0.988993,0.35444227,0.7000239,155
0.0,0.19138865,1.0961239,0.36745864,0.6922742,156
0.0,0.20807536,1.0251172,0.34076735,0.7495751,158
0.0,0.19384909,1.0429873,0.36914027,0.70269704,159
0.0,0.21708667,0.97280765,0.3614663,0.73565215,163
0.0,0.18719797,1.0556644,0.34983966,0.69905627,168
0.0,0.18704472,1.0429087,0.35338736,0.70320237,169
0.0,0.1967777,1.0526325,0.33239794,0.7202892,170
0.0,0.19455726,1.0233577,0.3608004,0.69568574,172
0.0,0.20814487,0.9699883,0.32999867,0.7645799,176
0.0,0.1986917,0.9956659,0.33203897,0.75375485,180
0.0,0.18961883,1.0733105,0.36809012,0.6865053,182
0.0,0.17783572,1.0317405,0.34427476,0.7553688,187
0.0,0.18481323,1.0714815,0.35835397,0.68906736,191
0.0,0.20328072,1.0191225,0.353365,0.7024582,195
0.0,0.21393956,1.0344115,0.38779095,0.7041773,196
0.0,0.20465745,1.0207648,0.3623301,0.7283092,198
0.0,0.21931216,1.0002947,0.35446,0.7446747,200
0.0,0.19196771,1.0321311,0.34062797,0.7345862,204
0.0,0.21711428,0.94327116,0.35954273,0.7853825,208
0.0,0.19519266,0.974705,0.30220604,0.76866055,212
0.0,0.19144061,1.0287212,0.37990534,0.71707153,215
0.0,0.20137668,1.0187514,0.32520628,0.78473514,216
0.0,0.20653799,0.94552857,0.3253698,0.7392589,221
0.0,0.19354148,1.0485442,0.3758579,0.692818,223
0.0,0.21197163,1.0234853,0.3857011,0.70805746,224
0.0,0.19735347,1.0947676,0.34782687,0.7047744,234
0.0,0.20625658,1.0342546,0.3688193,0.7351701,236
0.0,0.204272,0.9985504,0.33805192,0.7543566,240
0.0,0.19212846,1.0226539,0.3379359,0.6984052,245
0.0,0.20916364,0.9464257,0.3265818,0.75594896,246
0.0,0.20152852,1.019199,0.34991688,0.73784715,247
0.0,0.19699584,0.93977267,0.29712462,0.8014074,249
0.0,0.19317842,1.0158912,0.37894973,0.7440465,251
0.0,0.21480928,1.0225903,0.38335916,0.70098037,252
0.0,0.19517207,0.9679971,0.31096998,0.79282695,262
0.0,0.20889573,1.0472565,0.3977048,0.67758054,269
0.0,0.20679463,0.99369097,0.34744906,0.68345743,270
0.0,0.20714898,0.9122799,0.298672,0.80888295,273
0.0,0.19312772,1.0138594,0.32676625,0.7352295,277
0.0,0.18593088,1.0649856,0.36920702,0.655213,278
0.0,0.20280296,1.0553173,0.35980427,0.70150465,283
0.0,0.1957917,1.0547395,0.37291744,0.6773243,284
0.0,0.21642566,1.0422957,0.39135504,0.69569945,285
0.0,0.20639439,1.0043548,0.34119245,0.71495605,286
0.0,0.23248705,0.9466057,0.377884,0.7208575,288
0.0,0.21631074,0.98215723,0.35455292,0.73023605,292
0.0,0.19809234,1.0143174,0.3380028,0.73352116,295
0.0,0.20262384,1.0216035,0.36497447,0.6844376,298
0.0,0.20250176,1.0598505,0.3622791,0.72169775,301
0.0,0.20141663,0.9871344,0.30542034,0.79235554,303
0.0,0.19821075,1.0041169,0.3764872,0.71099883,304
0.0,0.19816636,1.0784668,0.37897316,0.6710413,305
0.0,0.18842816,1.0170557,0.3174838,0.73707604,310
0.0,0.19770883,1.075278,0.3562016,0.7181043,313
0.0,0.21392204,0.94528794,0.34709138,0.76486,316
0.0,0.18963233,1.0284717,0.35285634,0.7251131,318
0.0,0.19915101,1.1482075,0.39633292,0.68046856,320
0.0,0.18418518,1.0298232,0.33072713,0.71701145,333
0.0,0.20789574,1.0014842,0.36305058,0.6984129,334
0.0,0.19869141,1.0464942,0.37902418,0.7221199,337
0.0,0.20013976,0.99791557,0.3405457,0.74849683,339
0.0,0.18158987,1.0905285,0.36326712,0.6854281,340
0.0,0.2098168,1.060905,0.3734722,0.7190565,341
0.0,0.19496973,1.1687837,0.42123434,0.6513739,343
0.0,0.20257945,0.94405645,0.30913463,0.75228715,346
0.0,0.19163315,1.1100094,0.36845228,0.6610506,348
0.0,0.20215961,1.0670347,0.3973876,0.6569038,349
0.0,0.20426908,1.0310496,0.3622742,0.70650154,352
0.0,0.18758559,1.0533812,0.3673841,0.6881882,353
0.0,0.18445803,1.0074664,0.33497152,0.76649886,363
0.0,0.19748539,1.0100211,0.34143913,0.7366401,367
0.0,0.1838226,1.0466424,0.34079143,0.6942481,369
0.0,0.19907287,1.0208331,0.3397739,0.7561567,371
0.0,0.20763697,0.99273074,0.37667236,0.7067747,372
0.0,0.20039919,1.0376258,0.36659387,0.6638229,376
0.0,0.18342724,1.0474498,0.35211012,0.70773447,381
0.0,0.21312882,1.0187157,0.34888265,0.73693997,384
0.0,0.21889688,1.0118638,0.36509877,0.7286066,386
0.0,0.1932875,1.0144311,0.36256316,0.7261676,394
0.0,0.19969007,1.011194,0.35335687,0.73474324,395
0.0,0.19960777,0.97396845,0.31056738,0.77052724,399
0.0,0.18974397,1.0683267,0.36477053,0.7086147,400
0.0,0.18369244,1.0428513,0.31938633,0.71836144,408
0.0,0.20722067,0.9675641,0.36123833,0.74101657,410
0.0,0.21270913,1.0375314,0.37570152,0.6913861,411
0.0,0.19743529,1.008815,0.30658945,0.7726422,413
0.0,0.20558517,1.0788289,0.39414182,0.6761209,415
0.0,0.20874654,0.99841946,0.32751855,0.7616189,417
0.0,0.18864034,1.0119421,0.37247655,0.7405053,424
0.0,0.19461574,1.0570897,0.34979966,0.7074894,425
0.0,0.18293037,1.0396682,0.33659014,0.7197649,427
0.0,0.19396967,0.9991663,0.36150435,0.7472261,432
0.0,0.2127415,1.0066787,0.35605386,0.72218496,433
0.0,0.20482959,0.9591511,0.3397389,0.748518,436
0.0,0.21341793,0.9484754,0.31380436,0.8087124,438
0.0,0.20374073,1.0198815,0.35792825,0.708266,441
0.0,0.19838116,1.087556,0.38861313,0.68288285,443
0.0,0.21732774,1.0162045,0.37277457,0.7195356,446
0.0,0.2120158,1.0220604,0.3927841,0.7117462,453
0.0,0.17803258,1.071282,0.3574832,0.7089863,456
0.0,0.20067683,1.0083786,0.33094507,0.74820065,457
0.0,0.19624217,1.0553017,0.34930256,0.7328554,461
0.0,0.18994679,0.99194145,0.3341708,0.75464576,463
0.0,0.20928016,1.0500621,0.3602757,0.7177277,470
0.0,0.20059313,1.0473518,0.3816115,0.6835445,473
0.0,0.19440328,1.0359472,0.3765579,0.7121559,474
0.0,0.2147509,0.98773754,0.35186815,0.71179974,485
0.0,0.23021932,0.96864504,0.3734367,0.7614571,493
0.0,0.19284996,0.9886894,0.32520854,0.76664925,494
0.0,0.19782573,0.93034095,0.27469045,0.8482759,495
0.0,0.20215249,0.9792565,0.32771063,0.74880785,498
0.0,0.19788726,1.0474046,0.35848877,0.68637264,499
0.0,0.2122076,0.98919755,0.38126504,0.70189023,503
0.0,0.2262322,0.9689751,0.36802137,0.74488646,507
0.0,0.22312237,0.94854754,0.33657753,0.745632,508
0.0,0.18973765,1.0288268,0.37241206,0.71696526,510
0.0,0.19265638,1.032977,0.36989713,0.6826937,512
0.0,0.20060326,1.0431476,0.3308549,0.7493513,513
0.0,0.20563194,1.0286325,0.34034607,0.7297277,515
0.0,0.22374228,0.9461471,0.34400353,0.7761266,517
0.0,0.19451812,1.0441185,0.36598167,0.6795984,521
0.0,0.20921761,0.9417681,0.335582,0.7595574,523
0.0,0.21907693,0.96146905,0.36820808,0.7381499,527
0.0,0.19064777,0.9850337,0.36387652,0.7721665,529
0.0,0.21737368,0.91639405,0.33790264,0.7624443,531
0.0,0.19096494,1.0029192,0.33774006,0.7403011,532
0.0,0.18801112,0.97328544,0.28859532,0.7783192,535
0.0,0.19619848,1.015037,0.36866373,0.7113213,541
0.0,0.2019278,0.99955255,0.33299863,0.7303709,550
0.0,0.2154575,0.98027474,0.34473538,0.78685373,555
0.0,0.21442011,1.010379,0.35830417,0.72129446,556
0.0,0.20611805,0.98575425,0.32534054,0.7537697,558
0.0,0.20547354,1.0446432,0.37136656,0.70371693,559
0.0,0.19145931,1.0529295,0.33693352,0.71661836,564
0.0,0.20241074,1.0133394,0.33791792,0.72456104,579
0.0,0.19621699,0.98272926,0.33546224,0.7241409,580
0.0,0.20824467,1.01463,0.37982386,0.7166922,582
0.0,0.19138017,1.0506117,0.35962978,0.70889556,589
0.0,0.20315716,0.9618525,0.29835564,0.80297613,590
0.0,0.20212992,1.0258342,0.343693,0.7371558,591
0.0,0.20227957,0.9653965,0.3329125,0.7876169,594
0.0,0.21539591,0.9388563,0.34309015,0.76011026,595
0.0,0.20148192,1.0049422,0.33248618,0.74700993,597
0.0,0.2078974,0.9935192,0.34525898,0.75138617,599
0.0,0.21884345,0.9892736,0.38283154,0.74306655,606
0.0,0.19546889,1.0182151,0.36479,0.7348286,610
0.0,0.19656149,1.0045176,0.3355576,0.71353114,622
0.0,0.21106489,0.97869456,0.3490289,0.70496255,624
0.0,0.18621701,1.1267089,0.37613577,0.65760106,625
0.0,0.19865945,1.1198678,0.37744728,0.68065065,626
0.0,0.21339077,0.9980799,0.3613286,0.7575611,627
0.0,0.19015674,1.0487803,0.3768779,0.67189026,628
0.0,0.19464695,0.9806876,0.3345157,0.7516146,629
0.0,0.21558733,0.96947455,0.36055434,0.70960444,633
0.0,0.1898821,1.0341971,0.3272788,0.7145995,638
0.0,0.2040675,1.0195017,0.3810579,0.71228105,639
0.0,0.2082919,0.9418047,0.31331158,0.74369115,642
0.0,0.2035729,1.0196835,0.37333205,0.7305071,646
0.0,0.20487495,0.9802566,0.3573512,0.74280626,647
0.0,0.20898296,0.98331666,0.36834344,0.7378449,648
0.0,0.20425771,1.0683196,0.38033327,0.7345333,652
0.0,0.19418989,1.0663651,0.3409855,0.72620684,655
0.0,0.20165324,1.0286547,0.34940383,0.7240887,656
0.0,0.20665465,1.0092794,0.36386228,0.73568004,658
0.0,0.19458316,1.0460358,0.35518435,0.7104875,659
0.0,0.1879158,1.0256375,0.3159253,0.76725525,661
0.0,0.21434353,1.0401865,0.36450702,0.72507924,664
0.0,0.17850219,1.0484676,0.36605725,0.70843446,668
0.0,0.20198613,1.0051582,0.3338366,0.7580602,670
0.0,0.18064779,1.0178202,0.3599052,0.71323115,672
0.0,0.2027756,1.0991518,0.3653879,0.69693863,674
0.0,0.20866932,1.0193845,0.37463808,0.70968086,681
0.0,0.22350988,0.98695564,0.37949455,0.7239204,682
0.0,0.2271518,0.98130256,0.37902847,0.7214284,683
0.0,0.19279835,1.0257525,0.3418356,0.71304256,685
0.0,0.20515549,1.0528083,0.3466951,0.7179011,686
0.0,0.1835752,1.0418727,0.36025214,0.72345126,689
0.0,0.18784061,1.0423026,0.32402015,0.7202117,691
0.0,0.2009574,1.0419662,0.32641804,0.76533073,696
0.0,0.22242115,0.99869066,0.3689039,0.7313635,705
0.0,0.2011632,0.9765489,0.2962187,0.78839374,709
0.0,0.21706891,0.9837599,0.35538027,0.7397852,712
0.0,0.18991709,1.1130595,0.37236917,0.6738057,713
0.0,0.1928245,1.0183167,0.3309822,0.7025619,719
0.0,0.2077038,0.9824519,0.35902447,0.73463696,723
0.0,0.2043858,1.0367938,0.38048834,0.727012,726
0.0,0.21108112,1.0439814,0.3941107,0.6885878,738
0.0,0.20363368,0.97198486,0.34484026,0.7370362,741
0.0,0.17862356,1.0641207,0.31631947,0.736075,744
0.0,0.19434007,0.9590874,0.3003113,0.8177502,746
0.0,0.21737225,0.9809389,0.3591406,0.72680205,756
0.0,0.20221308,1.0177788,0.320801,0.7558459,757
0.0,0.1894398,1.1142527,0.40716594,0.6579534,760
0.0,0.18820767,1.104387,0.3387077,0.7155747,762
0.0,0.1878341,1.0593592,0.3643035,0.6743912,768
0.0,0.19451624,0.97559845,0.34012476,0.74179304,769
0.0,0.2074814,1.016885,0.37166318,0.75302356,785
0.0,0.19465342,1.1161942,0.3290779,0.7447829,787
0.0,0.20340852,1.0283002,0.35068494,0.7212243,790
0.0,0.19925581,1.0447013,0.3612604,0.70216036,796
0.0,0.20313157,1.0293566,0.36256307,0.726968,799
0.0,0.19680904,1.0409111,0.3810625,0.7085905,801
0.0,0.19891399,1.0551594,0.34564158,0.7309404,802
0.0,0.18763195,1.0494716,0.37990636,0.7075168,803
0.0,0.20119558,0.98137456,0.34557098,0.7527967,809
0.0,0.20388621,0.9450029,0.31679112,0.7475211,816
0.0,0.18492462,1.0853524,0.36306345,0.7073381,817
0.0,0.20934987,0.968365,0.3500621,0.76346767,819
0.0,0.196909,0.9809571,0.32288074,0.73758703,821
0.0,0.19253713,1.0257874,0.37538984,0.7225173,833
0.0,0.20315649,0.99498713,0.363788,0.68087965,834
0.0,0.19804823,1.0934039,0.38399166,0.71098393,841
0.0,0.18858685,0.99177223,0.3385267,0.7259275,843
0.0,0.16997296,1.0529305,0.2826781,0.7464231,848
0.0,0.19787551,0.9752181,0.33063832,0.7571027,850
0.0,0.19722047,1.0158683,0.3497574,0.7099604,852
0.0,0.22574274,1.0208874,0.38932183,0.7288298,859
0.0,0.19875765,0.9737582,0.33833882,0.72543174,863
0.0,0.20801784,0.9797842,0.34311873,0.7458792,864
0.0,0.19598691,1.0248014,0.31881994,0.73238254,865
0.0,0.20753254,0.98261374,0.351041,0.73460186,869
0.0,0.19053566,1.0345473,0.33794183,0.71465904,870
0.0,0.2031953,1.0625607,0.39666957,0.6821338,872
0.0,0.22022189,1.0611322,0.36325088,0.7356853,875
0.0,0.19784608,0.98474526,0.32511976,0.742972,877
0.0,0.19877534,1.0128566,0.366682,0.7081237,880
0.0,0.19818357,0.97490954,0.32789487,0.7716616,883
0.0,0.18253823,1.0314318,0.34511143,0.68965805,884
0.0,0.20020893,1.082251,0.38634834,0.6752845,885
0.0,0.18540782,1.0091056,0.33637318,0.7395993,888
0.0,0.19670348,1.0229816,0.3597424,0.74744093,889
0.0,0.21025558,1.0069053,0.35670874,0.7203015,890
0.0,0.18205403,1.0966743,0.37301505,0.6952564,894
0.0,0.20079601,0.9743145,0.3492737,0.7632509,895
0.0,0.20844415,1.0194935,0.31647837,0.7664505,896
0.0,0.20135076,1.0016127,0.3195275,0.7566752,899
0.0,0.2174861,0.94636685,0.3502552,0.75928265,912
0.0,0.20415616,0.9908351,0.36508048,0.70368105,915
0.0,0.21059489,1.0345504,0.3770435,0.6864338,916
0.0,0.20319179,0.9678157,0.30753756,0.75396365,918
0.0,0.2154404,0.9917034,0.37482935,0.69740105,919
0.0,0.2039914,1.0183027,0.3224798,0.78646636,921
0.0,0.22409734,1.0115718,0.36003387,0.76610404,927
0.0,0.18844703,1.100856,0.37515098,0.7002241,929
0.0,0.19256082,1.001824,0.32221004,0.7644047,930
0.0,0.19313107,1.0486346,0.35433087,0.70296633,933
0.0,0.20607324,1.0102882,0.32969472,0.7264649,939
0.0,0.18593772,1.0582948,0.3574834,0.70249254,943
0.0,0.1983921,1.0281289,0.33432236,0.7297971,945
0.0,0.18937205,0.99562436,0.32533142,0.74202514,949
0.0,0.19171503,1.0662016,0.32646364,0.7249863,951
0.0,0.18671948,1.0541836,0.3593253,0.7127403,956
0.0,0.2006338,0.9961667,0.35003078,0.7412942,957
0.0,0.17340764,1.0447791,0.30303276,0.742263,959
0.0,0.18846707,1.0227621,0.34162197,0.6904292,960
0.0,0.19110113,1.0350467,0.38544363,0.7228434,963
0.0,0.20522735,1.0430088,0.37620804,0.737592,974
0.0,0.17351317,1.0769137,0.3291423,0.70811784,978
0.0,0.21148354,0.98888004,0.37288323,0.7293127,981
0.0,0.20550479,0.96095335,0.35524648,0.73235154,995
0.0,0.21121381,0.9408222,0.34335494,0.7600828,996
0.0,0.19887422,0.9987262,0.3444074,0.7187854,1005
0.0,0.20515093,0.98785377,0.35646316,0.71079093,1008
0.0,0.20213914,1.0453992,0.37252435,0.69747293,1009
0.0,0.19738871,0.99591047,0.3360498,0.74047226,1010
0.0,0.18303281,1.034316,0.34245536,0.7350288,1015
0.0,0.19431552,1.0808587,0.3889851,0.6607432,1016
0.0,0.19384927,1.0520883,0.33963373,0.7147949,1019
0.0,0.1822274,1.0040342,0.34862325,0.7329497,1021
0.0,0.19224042,1.0185274,0.32717973,0.7321195,1024
0.0,0.20099014,1.0053314,0.3496727,0.7387362,1026
0.0,0.20697996,0.992542,0.3592931,0.7063738,1028
0.0,0.20231484,1.0319527,0.38671935,0.7187159,1039
0.0,0.17830952,1.0697346,0.36482185,0.7001335,1044
0.0,0.2077499,0.9865825,0.35940167,0.715724,1046
0.0,0.22104804,0.99238235,0.35118407,0.743467,1047
0.0,0.19314198,1.005021,0.32069433,0.7714373,1051
0.0,0.20975716,0.9919197,0.33253968,0.76744175,1056
0.0,0.19180508,1.0301028,0.32069287,0.73104787,1059
0.0,0.20224218,0.97623867,0.33502635,0.7734325,1060
0.0,0.2165879,1.0360196,0.39096114,0.68895173,1064
0.0,0.18559587,1.0963757,0.34555182,0.69715834,1066
0.0,0.23744443,1.0745438,0.3951862,0.73843664,1067
0.0,0.19427381,1.0009888,0.31526226,0.7451391,1071
0.0,0.19108213,0.99842185,0.34289014,0.7294389,1073
0.0,0.20298533,1.0361705,0.38372186,0.68949497,1075
0.0,0.20583418,0.9657377,0.32708156,0.72976726,1077
0.0,0.22385482,0.97305405,0.36919403,0.73780715,1079
0.0,0.18274312,1.0951914,0.36624968,0.6943002,1081
0.0,0.18924922,1.0096462,0.34470445,0.7351898,1089
0.0,0.20634939,1.0358064,0.36146796,0.6968546,1094
0.0,0.19253083,0.99272346,0.34022298,0.72975856,1100
0.0,0.2093168,0.9528645,0.29259998,0.8060618,1110
0.0,0.20862898,1.0137084,0.36011943,0.74132144,1112
0.0,0.19950299,1.0307162,0.35516343,0.7180198,1117
0.0,0.20109506,0.9939448,0.35039076,0.7555374,1121
0.0,0.20913675,0.9740742,0.36405554,0.73333377,1122
0.0,0.1948162,1.0500613,0.36759698,0.7045271,1123
0.0,0.19409084,0.97901934,0.31490055,0.76091176,1128
0.0,0.1974246,1.0126779,0.36091715,0.7329306,1130
0.0,0.1977642,0.9767986,0.34700376,0.748824,1136
0.0,0.20003426,1.0412041,0.3612131,0.6830378,1139
0.0,0.19385007,1.0024496,0.33525527,0.736207,1143
0.0,0.20493485,1.1153082,0.39117122,0.67135215,1144
0.0,0.22169384,0.9784857,0.34019932,0.75780195,1149
0.0,0.19709167,0.9484455,0.36425266,0.7949327,1150
0.0,0.17785218,1.062465,0.32242385,0.7118927,1152
0.0,0.19275972,0.95433897,0.29102665,0.7990682,1155
0.0,0.18390918,1.046284,0.35029283,0.70567083,1158
0.0,0.19422188,1.0508142,0.36398563,0.71023464,1159
0.0,0.20072286,0.93722093,0.33027384,0.76582617,1161
0.0,0.18770981,1.0660443,0.3480956,0.6971282,1164
0.0,0.19842897,1.0226563,0.36421892,0.7014834,1166
0.0,0.19725336,0.9929765,0.34969473,0.71285176,1168
0.0,0.2060845,1.0215453,0.38022014,0.68972266,1169
0.0,0.21684867,1.0297481,0.378621,0.70679635,1170
0.0,0.2100754,1.0640504,0.35057244,0.72701037,1172
0.0,0.20004342,1.0422618,0.358287,0.6976239,1173
0.0,0.21605211,0.9713002,0.35983086,0.750709,1174
0.0,0.19541281,0.96558553,0.3209816,0.75081617,1175
0.0,0.22066846,0.9084114,0.3075259,0.81835943,1181
0.0,0.20275837,0.9118292,0.28773046,0.83091855,1183
0.0,0.21091962,1.017946,0.35705328,0.7066477,1186
0.0,0.1943542,0.97843575,0.32257393,0.7504709,1190
0.0,0.20638779,0.98583555,0.3636724,0.7393149,1195
0.0,0.20556565,1.0239745,0.3544354,0.689789,1202
0.0,0.20170002,0.9725256,0.3243827,0.7519442,1203
0.0,0.18609579,1.069463,0.33787712,0.7058951,1206
0.0,0.20997433,1.0525419,0.37928566,0.71752095,1211
0.0,0.20399614,1.0439751,0.36322147,0.7218417,1213
0.0,0.23222455,0.96289194,0.36393216,0.75808203,1216
0.0,0.2186986,0.95326704,0.32149643,0.7865853,1218
0.0,0.2113472,0.9614542,0.36579207,0.76518726,1219
0.0,0.20340464,1.0187511,0.3542084,0.69789946,1221
0.0,0.21867187,0.99015945,0.36656198,0.7348711,1222
0.0,0.19675127,0.97128606,0.33116826,0.7363524,1223
0.0,0.20376933,1.0500754,0.38283017,0.68050545,1225
0.0,0.19370717,1.0099778,0.34244147,0.71828395,1226
0.0,0.20765537,1.0042809,0.36286896,0.71203053,1229
0.0,0.194687,1.0497715,0.35217023,0.6997305,1230
0.0,0.19253093,0.9940388,0.3212484,0.78387415,1241
0.0,0.19865856,1.0174394,0.35110822,0.7202406,1242
0.0,0.22387111,1.008275,0.37799543,0.7398055,1244
0.0,0.18582238,1.0350481,0.3391211,0.7338068,1248
0.0,0.21399027,0.97688186,0.35925728,0.725134,1249
0.0,0.23285207,0.95226985,0.35037917,0.7773827,1255
0.0,0.21012099,0.96176285,0.31297907,0.7944383,1258
0.0,0.20581672,0.9700001,0.32760864,0.74799174,1261
0.0,0.19608305,1.0106466,0.32200763,0.74833447,1265
0.0,0.18693863,1.0561647,0.3550877,0.7064759,1268
0.0,0.20077951,1.0381303,0.3291918,0.7623135,1282
0.0,0.21283053,1.0024947,0.37665614,0.71842694,1283
0.0,0.18863648,1.0572804,0.3356939,0.7229721,1284
0.0,0.19652201,1.0527085,0.36227134,0.69274294,1287
0.0,0.20406924,0.99290633,0.3539154,0.7121131,1288
0.0,0.20006646,1.099633,0.3986901,0.68145347,1289
0.0,0.18686217,1.0374821,0.37938738,0.7013719,1292
0.0,0.20378606,1.0258029,0.31914273,0.75636077,1296
0.0,0.18921016,1.0036699,0.33350366,0.71670926,1297
0.0,0.20600028,0.9886623,0.3153445,0.74853,1301
0.0,0.1933159,1.0264262,0.36775,0.72464824,1309
0.0,0.22166052,0.9683132,0.36067122,0.73598,1319
0.0,0.18340452,1.0704974,0.37139484,0.70370966,1320
0.0,0.19509871,1.1074085,0.35507014,0.69128436,1323
0.0,0.18163529,1.1750841,0.39300865,0.6797309,1325
0.0,0.20484114,1.1132921,0.36764038,0.705797,1327
0.0,0.20720634,1.0037241,0.34749606,0.7499752,1328
0.0,0.20558867,1.0287323,0.38061497,0.6993643,1329
0.0,0.19324476,1.0393399,0.36630934,0.6905466,1332
0.0,0.21452776,0.97173804,0.34715864,0.7259019,1336
0.0,0.18643934,1.0081011,0.3513244,0.7126631,1338
0.0,0.18075962,1.129381,0.39779496,0.68773127,1341
0.0,0.20746018,0.991163,0.3336338,0.73988396,1347
0.0,0.22509761,1.0072316,0.3659128,0.74452066,1351
0.0,0.19902158,1.055713,0.37931755,0.7409449,1369
0.0,0.1997512,1.0342865,0.35144076,0.7054539,1386
0.0,0.2197979,0.9772375,0.36334538,0.7536818,1388
0.0,0.21831901,1.0213386,0.38156983,0.7147182,1389
0.0,0.20186614,1.0323442,0.37336344,0.68836117,1390
0.0,0.22144914,0.9602368,0.3468649,0.74075174,1395
0.0,0.19125406,1.053548,0.375953,0.6986447,1396
0.0,0.19328505,0.98913544,0.3509205,0.73226714,1397
0.0,0.20193207,1.0830897,0.38982362,0.68588156,1402
0.0,0.20187002,1.0080248,0.35259998,0.7404084,1404
0.0,0.1946086,0.99594885,0.32251686,0.74799967,1405
0.0,0.2005871,0.9323913,0.32135049,0.7383888,1407
0.0,0.18288855,1.0070096,0.30265588,0.7634571,1412
0.0,0.20132346,0.97002035,0.33822706,0.7252725,1416
0.0,0.20921567,1.0158904,0.36009717,0.71402204,1418
0.0,0.19463615,0.9518273,0.31771252,0.78621435,1419
0.0,0.18926826,1.0010204,0.33376223,0.73325276,1422
0.0,0.20461859,1.0439527,0.38821346,0.6772784,1424
0.0,0.20078908,1.0159774,0.36506456,0.7103422,1426
0.0,0.18525985,1.0349274,0.3611535,0.7201886,1428
0.0,0.2108638,0.99711525,0.3548454,0.7427042,1430
0.0,0.20641921,0.95955455,0.346538,0.73753405,1435
0.0,0.2224955,0.9676461,0.36468908,0.73767364,1449
0.0,0.19389603,1.017708,0.34200183,0.7379026,1454
0.0,0.19762784,1.014783,0.36849782,0.73521996,1455
0.0,0.19936256,1.0182245,0.33979732,0.75512284,1457
0.0,0.20893392,1.005694,0.37143844,0.7201832,1459
0.0,0.19312428,0.9770957,0.34582773,0.7147995,1460
0.0,0.20243967,0.96894515,0.32706103,0.7619204,1465
0.0,0.20530103,1.0285493,0.37398216,0.71777284,1467
0.0,0.21741647,0.9992357,0.3357861,0.78388965,1470
0.0,0.18644843,1.0123458,0.360623,0.7540071,1489
0.0,0.18973242,1.0696361,0.34677127,0.7025799,1491
0.0,0.20175068,0.9291389,0.32441598,0.79022,1493
0.0,0.19239129,1.0730447,0.37394294,0.68175006,1496
0.0,0.21785969,1.0269201,0.39411303,0.7087289,1503
0.0,0.19125761,1.0365756,0.36727875,0.6847476,1504
0.0,0.18819198,1.0673242,0.3729037,0.71349114,1505
0.0,0.20621671,1.0067327,0.348439,0.7020017,1509
0.0,0.1789033,1.0781518,0.33095062,0.69871557,1510
0.0,0.1838588,0.9995613,0.31162837,0.7558493,1512
0.0,0.20454523,0.99875945,0.33460528,0.7437388,1513
0.0,0.19993235,1.0671663,0.36408883,0.68796235,1516
0.0,0.21036483,1.0923373,0.37761757,0.72481376,1518
0.0,0.20648059,1.0536433,0.36564004,0.73009944,1521
0.0,0.21959549,0.9781064,0.33738434,0.74693877,1522
0.0,0.21610963,0.9931241,0.3665272,0.7338317,1524
0.0,0.18998256,1.0599549,0.32132068,0.7256644,1528
0.0,0.22358692,0.9667604,0.3754745,0.74399734,1532
0.0,0.19729711,0.9861581,0.35692984,0.7162809,1533
0.0,0.21140034,0.9700273,0.35484856,0.7383447,1539
0.0,0.20141889,0.9992328,0.3485509,0.74238944,1541
0.0,0.1913285,1.0759906,0.35032627,0.7134256,1547
0.0,0.21225464,1.0214869,0.38268813,0.7026975,1548
0.0,0.19249229,0.9945748,0.30157968,0.7635006,1552
0.0,0.19003245,1.0560484,0.32505834,0.7358765,1553
0.0,0.20253272,1.0289562,0.389454,0.6859796,1558
0.0,0.20239623,1.0711685,0.3731853,0.67797685,1559
0.0,0.203928,1.0088234,0.35442337,0.74046004,1560
0.0,0.17911997,1.0218958,0.3296065,0.74183303,1567
0.0,0.19684418,1.0189924,0.34510198,0.7502264,1572
0.0,0.19999962,0.996123,0.3588482,0.7004861,1574
0.0,0.18928583,1.020777,0.3402116,0.7174427,1583
0.0,0.18771367,1.0667433,0.36510026,0.68799496,1584
0.0,0.19595106,0.9807214,0.35984704,0.76156795,1585
0.0,0.23303348,1.0226479,0.3951821,0.753811,1587
0.0,0.20369563,0.9837641,0.33060724,0.7349513,1593
0.0,0.19921763,1.0816867,0.40872175,0.6589801,1594
0.0,0.18160447,1.0142022,0.3361492,0.7428454,1596
0.0,0.21544367,0.95783335,0.36070904,0.73263067,1602
0.0,0.19429758,1.0351256,0.37029225,0.69715124,1606
0.0,0.1995272,1.0504526,0.36263442,0.69314104,1617
0.0,0.19250703,1.0354921,0.360413,0.75326294,1621
0.0,0.2239243,1.008227,0.370833,0.7443452,1630
0.0,0.22335324,1.0253922,0.35894015,0.74253505,1632
0.0,0.20080683,0.98981154,0.34106728,0.7620973,1633
0.0,0.19590452,1.0203757,0.35083815,0.7008096,1635
0.0,0.21222128,0.9973059,0.34588972,0.7593319,1636
0.0,0.21139978,1.0054725,0.30978972,0.8149967,1639
0.0,0.20127296,0.9634292,0.3566344,0.72062695,1641
0.0,0.1749612,1.0886731,0.36488947,0.69920105,1652
0.0,0.17927653,1.0486416,0.33548185,0.70404404,1667
0.0,0.18404892,1.0129399,0.34613994,0.7477196,1670
0.0,0.19873829,0.98144907,0.31940165,0.74675554,1672
0.0,0.22639182,0.95788395,0.34884202,0.7716024,1677
0.0,0.20164302,1.0281725,0.35307938,0.716848,1678
0.0,0.2072267,1.0501763,0.38916758,0.6790143,1680
0.0,0.19213712,1.0635052,0.386263,0.6894232,1684
0.0,0.20263816,1.0538955,0.3702593,0.72770256,1692
0.0,0.20005816,1.0327708,0.34141144,0.69361264,1694
0.0,0.1929978,1.0287,0.31837985,0.75200826,1700
0.0,0.20508675,0.9771462,0.34777665,0.7098216,1701
0.0,0.21155146,0.97942924,0.33150777,0.75157636,1703
0.0,0.21783218,1.0180869,0.37181354,0.7276192,1705
0.0,0.18883312,1.0585105,0.32517847,0.718369,1707
0.0,0.20383292,0.9979611,0.3352099,0.7603051,1713
0.0,0.20014238,1.03734,0.34778792,0.69537246,1715
0.0,0.20380919,1.0174925,0.3751143,0.71043694,1721
0.0,0.19688481,1.0580686,0.36883268,0.6974276,1722
0.0,0.21369582,0.9058468,0.3167451,0.7823005,1725
0.0,0.19419047,1.0234393,0.36017075,0.73710835,1729
0.0,0.19260556,1.0624598,0.37115717,0.6963756,1732
0.0,0.22024992,0.956134,0.35948616,0.7552818,1744
0.0,0.19455677,1.0424423,0.34644106,0.739116,1746
0.0,0.2036367,0.93402946,0.31692016,0.74746877,1747
0.0,0.21009848,1.0207819,0.351883,0.719051,1752
0.0,0.19201702,1.0346469,0.36066392,0.73243326,1754
0.0,0.20444895,0.95248204,0.3046616,0.79282504,1758
0.0,0.20265082,1.0201384,0.3583515,0.72200525,1762
0.0,0.19089906,1.0267043,0.3493999,0.72971433,1771
0.0,0.20091048,1.0415814,0.31615222,0.76972115,1772
0.0,0.20598535,1.032217,0.3474522,0.7229796,1773
0.0,0.18462186,1.0568395,0.33123305,0.7223584,1775
0.0,0.21277417,1.0127993,0.37046885,0.69389516,1782
0.0,0.19998828,1.008803,0.36736616,0.75665617,1784
0.0,0.21485311,0.9841241,0.35766873,0.7095105,1785
0.0,0.22368442,1.0185004,0.3906825,0.7212122,1792
0.0,0.19498022,1.0795648,0.39140606,0.68555295,1795
0.0,0.20827632,1.0124983,0.35410735,0.70212626,1799
0.0,0.19660653,1.0644567,0.38268122,0.694286,1803
0.0,0.20568183,0.9673415,0.34071207,0.7208509,1807
0.0,0.18726479,1.0562695,0.36605376,0.7209168,1808
0.0,0.21592811,1.013447,0.3758455,0.70413154,1811
0.0,0.20436548,0.9824465,0.33425236,0.7362495,1814
0.0,0.17474432,1.1630213,0.38739565,0.6637602,1819
0.0,0.18782601,1.016676,0.3492752,0.7104359,1822
0.0,0.20196939,1.0029603,0.3618564,0.70188147,1823
0.0,0.20630778,0.91512114,0.3193846,0.804515,1824
0.0,0.2058922,1.0530391,0.37045324,0.71257174,1828
0.0,0.1923904,1.0246537,0.36428255,0.7202855,1830
0.0,0.1925908,1.0235062,0.36063483,0.7240145,1840
0.0,0.19938229,0.98334783,0.31098682,0.7691065,1843
0.0,0.20947674,1.0297905,0.35069954,0.7481094,1844
0.0,0.19920775,0.986657,0.32448784,0.7274651,1854
0.0,0.19345471,1.0507579,0.33295327,0.7338713,1856
0.0,0.19772428,1.0106379,0.3513885,0.73737055,1863
0.0,0.20483425,1.00369,0.32505473,0.7432335,1866
0.0,0.20479967,0.9865978,0.35263708,0.787733,1872
0.0,0.18756762,1.0164074,0.3103419,0.72941375,1879
0.0,0.22237563,0.9759999,0.3594384,0.725731,1880
0.0,0.20021577,1.1138703,0.34554288,0.72317165,1888
0.0,0.19451223,1.0131997,0.32681087,0.7163366,1891
0.0,0.18752056,1.0264034,0.3543496,0.72573364,1895
0.0,0.19741131,1.0213904,0.3686789,0.6894569,1898
0.0,0.17496102,1.0010892,0.30236128,0.74594194,1909
0.0,0.2068084,1.0628482,0.3831431,0.65819454,1911
0.0,0.19288564,0.97416675,0.3172196,0.7664732,1914
0.0,0.21937506,0.9909941,0.34572774,0.7425211,1920
0.0,0.1983098,1.03548,0.36078808,0.73738337,1922
0.0,0.18871872,1.0720981,0.38205662,0.6490205,1923
0.0,0.18446745,1.1211452,0.36671406,0.6651175,1925
0.0,0.196446,1.0530678,0.36993185,0.7019394,1929
0.0,0.21267365,0.96543324,0.35821438,0.72924954,1930
0.0,0.19034027,1.0343006,0.38027507,0.7057946,1931
0.0,0.20012462,1.0032567,0.35378477,0.728216,1933
0.0,0.18799463,1.100182,0.35899666,0.68491155,1936
0.0,0.18695542,1.0459886,0.34738806,0.7155015,1937
0.0,0.18706429,1.0264386,0.34222367,0.7082545,1945
0.0,0.21315269,0.9492873,0.3423995,0.74421656,1946
0.0,0.20064561,1.0205554,0.37745386,0.725398,1949
0.0,0.21563499,0.9027844,0.3306319,0.7591648,1950
0.0,0.21178155,0.98914856,0.36361226,0.7335766,1952
0.0,0.22256392,0.9889817,0.3325636,0.75711006,1955
0.0,0.1993195,1.0235331,0.3573648,0.71165425,1957
0.0,0.19064206,1.0273817,0.3278654,0.73345804,1964
0.0,0.18993425,0.9708077,0.30203375,0.7881713,1966
0.0,0.19132535,0.99542147,0.34781218,0.7525109,1970
0.0,0.19484073,1.0849644,0.37149385,0.67907673,1974
0.0,0.20871499,0.99142826,0.3340569,0.74045616,1977
0.0,0.2048826,1.0134817,0.36012033,0.7449262,1978
0.0,0.17636167,1.054005,0.3719978,0.6913597,1983
0.0,0.19060372,1.0275922,0.34927538,0.73007655,1984
0.0,0.21190539,1.0424507,0.37384072,0.68973756,1985
0.0,0.210004,0.9638869,0.35870284,0.75197124,1989
0.0,0.20275283,1.0200232,0.3604911,0.7644638,1994
0.0,0.19298895,1.0034113,0.37271535,0.78364384,1995
0.0,0.21236221,1.0496142,0.38252023,0.7073767,1997
0.0,0.20670332,0.9731986,0.34610605,0.7350016,2000
0.0,0.21654202,1.0164158,0.38471746,0.6947087,2002
0.0,0.19500867,1.0459329,0.37424386,0.69484776,2012
0.0,0.19197136,0.96244335,0.31876412,0.76473784,2021
0.0,0.19690214,1.0948035,0.34945562,0.70094013,2022
0.0,0.19126952,1.0544962,0.35183135,0.6808185,2024
0.0,0.2208304,0.98870087,0.37036747,0.7504319,2025
0.0,0.2006895,1.093653,0.40268144,0.67091817,2029
0.0,0.19596645,1.0151622,0.36034328,0.7313758,2030
0.0,0.17850897,1.0260806,0.31875235,0.75329614,2035
0.0,0.22050516,0.9768182,0.38102677,0.7372994,2037
0.0,0.19561684,1.0531652,0.38505906,0.67150366,2038
0.0,0.22586125,1.0063629,0.3461176,0.7679181,2040
0.0,0.21449699,1.0506991,0.4012247,0.6864367,2045
0.0,0.19448994,1.0723144,0.3649345,0.6711181,2046
0.0,0.20238358,0.96454394,0.33797252,0.7164185,2048
0.0,0.21636459,0.9985633,0.39024073,0.7227291,2049
0.0,0.20570473,0.99303883,0.36856008,0.6896963,2058
0.0,0.22916642,1.0633672,0.37616923,0.73677355,2059
0.0,0.201237,1.0364507,0.3573046,0.7205437,2062
0.0,0.22031018,0.9506255,0.35357445,0.7266904,2063
0.0,0.20026211,1.0654534,0.3445258,0.7168385,2065
0.0,0.18419461,1.0649751,0.3328927,0.7192094,2069
0.0,0.21249603,0.96935815,0.35050452,0.7608247,2070
0.0,0.1950026,0.9834399,0.3446483,0.73442924,2072
0.0,0.20704682,0.9809498,0.3046987,0.77715427,2073
0.0,0.21460883,0.9867228,0.3768229,0.68999165,2074
0.0,0.19761854,1.0266423,0.34978494,0.72108936,2081
0.0,0.2057283,1.0652205,0.36281577,0.7323005,2083
0.0,0.20409268,0.99240875,0.35175237,0.76140624,2090
0.0,0.1953487,1.0037943,0.3552942,0.7326619,2091
0.0,0.21122375,1.0053464,0.35898808,0.739311,2095
0.0,0.2021189,0.95766556,0.34897724,0.7729581,2096
0.0,0.2083405,1.0181042,0.37732065,0.70678777,2100
0.0,0.20196414,1.0015541,0.35484788,0.74090856,2105
0.0,0.21796946,1.0027597,0.36287183,0.7105969,2109
0.0,0.18164784,1.0404894,0.33202735,0.7136982,2111
0.0,0.20638701,0.9919506,0.3632551,0.7275099,2113
0.0,0.19672024,1.0502034,0.35852298,0.6941829,2116
0.0,0.22092168,0.9244432,0.35056356,0.76435405,2117
0.0,0.19555625,1.1051778,0.39091793,0.66959435,2119
0.0,0.22234614,1.0834233,0.39305702,0.7040857,2120
0.0,0.19637734,1.0470114,0.3431923,0.69334424,2121
0.0,0.23071483,1.0120997,0.38460234,0.7396715,2126
0.0,0.1900072,1.0159475,0.37149277,0.7424396,2138
0.0,0.17545277,1.0697972,0.32323268,0.7220814,2139
0.0,0.19281556,1.068299,0.3572614,0.69240826,2140
0.0,0.1991604,1.0261184,0.36463642,0.7044439,2142
0.0,0.20417589,1.0299318,0.37168637,0.67579365,2147
0.0,0.21884966,1.0055877,0.37617332,0.7098028,2150
0.0,0.20565426,1.0145642,0.3368434,0.74627113,2151
0.0,0.20581895,1.017054,0.35097638,0.70463085,2154
0.0,0.20267643,1.0255724,0.3518159,0.705483,2160
0.0,0.20539744,1.0004805,0.34850255,0.7159917,2161
0.0,0.19717057,0.97078115,0.34512636,0.7384117,2166
0.0,0.19664346,1.0371284,0.3849911,0.70474195,2167
0.0,0.21161331,0.9724799,0.34918997,0.73511577,2168
0.0,0.19715549,1.0420856,0.36006415,0.6984149,2175
0.0,0.1990451,0.98510385,0.3588756,0.72490275,2176
0.0,0.20693858,0.9451405,0.33516422,0.75599366,2178
0.0,0.19291985,1.004863,0.32615688,0.7534028,2179
0.0,0.20499887,1.0159513,0.36223096,0.69066864,2180
0.0,0.20053421,1.0492734,0.38981327,0.67161053,2181
0.0,0.19376276,1.0500807,0.35914725,0.6849377,2183
0.0,0.1818018,1.0637109,0.35216954,0.71876913,2184
0.0,0.18957019,0.9914584,0.34203368,0.7676323,2189
0.0,0.20669013,1.0005631,0.34719923,0.7239726,2190
0.0,0.19838546,1.0888859,0.3675098,0.7073382,2192
0.0,0.20334812,1.0101913,0.35656878,0.7216957,2196
0.0,0.23799971,0.9979994,0.39317313,0.75033414,2199
0.0,0.20252864,0.9786799,0.34762162,0.73868227,2203
0.0,0.21428445,0.9633018,0.33047515,0.7604293,2204
0.0,0.23647165,0.9450205,0.37059,0.767657,2205
0.0,0.19659078,1.0036308,0.34506702,0.7383572,2207
0.0,0.18485694,1.0507878,0.36769173,0.7274527,2210
0.0,0.21810567,0.9954573,0.3778131,0.7100858,2211
0.0,0.22031018,0.9768162,0.3793522,0.7121848,2212
0.0,0.2253898,0.9795911,0.36049044,0.7652434,2213
0.0,0.2382125,0.94349086,0.36095315,0.76657706,2215
0.0,0.2276249,0.99112946,0.36527663,0.744654,2219
0.0,0.20301363,0.9650347,0.34783587,0.73665744,2223
0.0,0.20334998,1.0288638,0.36578828,0.6962798,2225
0.0,0.20816113,0.97333014,0.35833108,0.702806,2226
0.0,0.20875011,0.9536641,0.3210388,0.7615902,2228
0.0,0.20563698,0.9739712,0.34880334,0.7219837,2230
0.0,0.1820586,1.0232948,0.3426595,0.7315408,2231
0.0,0.19982791,1.0694398,0.35980877,0.71382564,2232
0.0,0.21447743,1.0239372,0.33932066,0.736779,2236
0.0,0.1978325,1.0117073,0.35443944,0.7224166,2238
0.0,0.23116563,1.0236881,0.37696224,0.75149137,2239
0.0,0.18137264,1.0878749,0.3538821,0.7051242,2242
0.0,0.19750358,1.0107106,0.3095184,0.74051726,2244
0.0,0.22815113,1.0402087,0.39580065,0.7293539,2245
0.0,0.19613107,1.0490209,0.3442003,0.6792816,2249
0.0,0.20547044,0.9581013,0.3500049,0.7435581,2254
0.0,0.20450172,1.024693,0.3757823,0.7097355,2258
0.0,0.20555526,1.101569,0.36509892,0.70225966,2259
0.0,0.20928723,1.0314009,0.3741915,0.68562484,2260
0.0,0.20295137,1.0223947,0.36932585,0.67954427,2262
0.0,0.18660939,1.0334612,0.3453979,0.71408916,2263
0.0,0.21052594,0.9729377,0.37575063,0.7269918,2268
0.0,0.19855282,1.007825,0.35454354,0.7407347,2273
0.0,0.20971242,0.95188266,0.33135143,0.7967183,2281
0.0,0.20633173,1.0409685,0.36212474,0.7316087,2289
0.0,0.21274343,0.9525769,0.32162434,0.7909247,2290
0.0,0.21298508,0.9820938,0.34485123,0.7660512,2292
0.0,0.19687209,1.095062,0.3588635,0.7036851,2294
0.0,0.22048458,1.0557333,0.38317266,0.7301862,2295
0.0,0.20230949,1.0021802,0.36711225,0.6993096,2296
0.0,0.20630157,0.9934097,0.33860973,0.73699117,2298
0.0,0.20771463,1.064916,0.3644365,0.7134511,2299
0.0,0.19141729,1.0262773,0.3566791,0.7269717,2300
0.0,0.1948838,1.0519174,0.37413126,0.6931486,2301
0.0,0.18780862,1.1122054,0.37044862,0.6787475,2305
0.0,0.1934786,1.0380416,0.31542948,0.74900395,2310
0.0,0.20255542,1.0747353,0.34743136,0.76460004,2311
0.0,0.19757646,1.057038,0.37484312,0.7209805,2318
0.0,0.17999887,1.0810692,0.34574023,0.6997585,2322
0.0,0.1949916,1.044174,0.346315,0.7274687,2323
0.0,0.18317099,1.0853646,0.3754345,0.716564,2327
0.0,0.19145104,1.0550487,0.36342138,0.73020977,2331
0.0,0.19895093,0.9874724,0.32885268,0.7337263,2339
0.0,0.19920239,0.9919299,0.36142594,0.74656975,2340
0.0,0.1963608,1.0062535,0.34468326,0.7273604,2342
0.0,0.21311812,0.9265591,0.3427441,0.7609864,2348
0.0,0.2052659,1.1683986,0.39304098,0.6734711,2350
0.0,0.2045296,1.0029358,0.34733242,0.7111078,2351
0.0,0.21132788,1.057582,0.40132305,0.6800594,2353
0.0,0.2073446,0.9917378,0.36629933,0.69740707,2355
0.0,0.22470997,1.0172275,0.38866907,0.7089989,2367
0.0,0.22052015,1.0092217,0.32495704,0.78746796,2368
0.0,0.19021557,1.0121659,0.34585485,0.7382479,2371
0.0,0.19488586,1.014032,0.34267133,0.7216877,2372
0.0,0.21146953,0.98877156,0.36044765,0.71463805,2375
0.0,0.18338346,1.0862591,0.35724133,0.6817188,2377
0.0,0.19602063,1.0048302,0.35609272,0.7449252,2378
0.0,0.19031878,1.080825,0.37351713,0.66729724,2383
0.0,0.2056106,1.0379521,0.38335177,0.66496766,2385
0.0,0.19083455,1.1196107,0.38831508,0.67042357,2389
0.0,0.20488009,1.0579661,0.37418538,0.708613,2391
0.0,0.20784268,0.9626692,0.32575727,0.72662383,2400
0.0,0.21118459,1.0085865,0.364447,0.7575305,2412
0.0,0.20199852,1.015411,0.37602156,0.70756507,2419
0.0,0.20102574,0.96896285,0.32007,0.80383176,2424
0.0,0.22309281,1.0880789,0.3853721,0.72823715,2427
0.0,0.1960992,1.0061045,0.33307484,0.71103764,2430
0.0,0.1968055,1.0160446,0.33745793,0.7346588,2433
0.0,0.20044564,0.96438384,0.29636762,0.79086107,2438
0.0,0.21294846,0.9937298,0.3826988,0.71969986,2443
0.0,0.18986347,1.0546659,0.34380388,0.7136571,2446
0.0,0.206605,0.98605293,0.35196054,0.7375114,2447
0.0,0.18491757,1.0595407,0.35976005,0.7015313,2448
0.0,0.2058568,0.94049644,0.32642028,0.7364185,2450
0.0,0.20267077,1.0085542,0.3697026,0.70441353,2451
0.0,0.1957515,1.0091274,0.34648058,0.745687,2452
0.0,0.21063498,1.0886045,0.36677107,0.7353347,2454
0.0,0.21188685,0.97731274,0.32898018,0.73690414,2462
0.0,0.19371651,1.0104232,0.349483,0.7233437,2463
0.0,0.19972834,0.97124904,0.34114474,0.74478257,2465
0.0,0.20881958,1.0598919,0.37171802,0.72394705,2467
0.0,0.19584747,0.96981233,0.3318755,0.7618954,2474
0.0,0.2315975,0.9862934,0.36313334,0.7634638,2477
0.0,0.19348408,0.9427813,0.34404993,0.82536805,2479
0.0,0.19335443,0.99791294,0.33104944,0.75664634,2483
0.0,0.20006314,1.0261781,0.3339835,0.75643533,2489
0.0,0.18009736,1.1251904,0.37560505,0.6623407,2490
0.0,0.20116475,1.007582,0.3752547,0.70223695,2491
0.0,0.18270597,1.0493304,0.35415936,0.71549785,2492
0.0,0.187019,1.0834303,0.3574311,0.6931227,2495
0.0,0.19533026,1.0051417,0.34633186,0.7231022,2496
0.0,0.19663845,1.0199772,0.3408206,0.7205347,2501
0.0,0.18383539,1.0434526,0.30294314,0.7644238,2508
0.0,0.1930731,1.0552552,0.35520953,0.7079292,2515
0.0,0.17525208,1.0425357,0.37394616,0.7476037,2519
0.0,0.1979747,1.0370349,0.3559219,0.74577934,2520
0.0,0.20884629,1.0287536,0.36822903,0.71220785,2521
0.0,0.19087344,1.0064164,0.35311714,0.71131504,2522
0.0,0.21429166,1.0171112,0.36504358,0.7242607,2524
0.0,0.1948995,1.012535,0.34830457,0.7414277,2526
0.0,0.21698053,1.008524,0.3403145,0.7620741,2531
0.0,0.19742747,1.0058266,0.34906286,0.72625667,2535
0.0,0.1911612,1.0569676,0.3628034,0.705116,2537
0.0,0.22278298,1.0378628,0.3991775,0.73454535,2538
0.0,0.19717525,0.95244914,0.32154888,0.7897968,2539
0.0,0.18645418,1.0730282,0.3635788,0.68411595,2543
0.0,0.21962592,1.0092655,0.38300174,0.6954159,2548
0.0,0.20191328,1.0433784,0.37004945,0.6721706,2552
0.0,0.19226569,0.99639493,0.3550787,0.75020546,2556
0.0,0.21269716,0.95366085,0.34290293,0.73666793,2557
0.0,0.21307044,1.0280004,0.4003005,0.6874467,2558
0.0,0.20303768,1.0562193,0.3675883,0.69540644,2566
0.0,0.20053998,1.0027474,0.34236565,0.7448183,2568
0.0,0.1862169,1.0280656,0.33797014,0.7422919,2569
0.0,0.18732378,1.0034136,0.3333496,0.7394589,2571
0.0,0.17147091,1.0715423,0.35824275,0.73066366,2580
0.0,0.19573368,1.0257865,0.35217005,0.69344133,2581
0.0,0.21631466,0.9297574,0.36369762,0.76304203,2585
0.0,0.19667636,0.9861955,0.32995573,0.7700313,2592
0.0,0.19114123,1.1169145,0.38941088,0.6562864,2593
0.0,0.20514132,0.99852467,0.35026175,0.72564363,2595
0.0,0.18329832,1.0341331,0.3442521,0.7204152,2600
0.0,0.1868704,0.9562654,0.2788587,0.79827654,2609
0.0,0.21107396,0.93380153,0.2987092,0.7896231,2611
0.0,0.20369019,1.0191419,0.34704792,0.7360692,2612
0.0,0.20279555,1.0319024,0.36472616,0.76481354,2618
0.0,0.18173233,1.0251745,0.33907092,0.7306702,2619
0.0,0.1946653,1.0620693,0.3486012,0.72974384,2622
0.0,0.20238785,1.0256459,0.35678202,0.7330602,2638
0.0,0.21279287,1.0182458,0.34005764,0.7546441,2639
0.0,0.19133596,1.1516945,0.3573155,0.6776101,2643
0.0,0.20409152,1.0881463,0.40079996,0.6738794,2647
0.0,0.20476061,0.98436356,0.3434741,0.73901033,2649
0.0,0.18587564,1.0232128,0.3557632,0.72914886,2651
0.0,0.22194013,1.0039283,0.3760728,0.7322651,2652
0.0,0.18974948,1.0235971,0.33554578,0.74039066,2653
0.0,0.17636536,1.0352573,0.36068052,0.72901654,2656
0.0,0.19747138,0.99469775,0.359529,0.7633967,2658
0.0,0.18311313,1.0410848,0.34433568,0.7359019,2659
0.0,0.21016553,0.9768947,0.36172146,0.705739,2660
0.0,0.20719986,0.95730126,0.342066,0.7406597,2661
0.0,0.19861887,1.0597837,0.37723115,0.65973717,2666
0.0,0.19716313,0.99467796,0.36259377,0.73321825,2669
0.0,0.2128737,0.9209632,0.33436227,0.7610571,2670
0.0,0.21585828,1.0161382,0.38256726,0.7199353,2672
0.0,0.20083891,1.0896995,0.34712696,0.6979007,2680
0.0,0.20349042,0.9988589,0.3212484,0.76412,2685
0.0,0.18855633,1.0594476,0.36370948,0.70230687,2686
0.0,0.22352552,0.9858676,0.3605294,0.7246312,2691
0.0,0.20599698,1.0391026,0.36409387,0.71021307,2693
0.0,0.2099804,1.0354505,0.3836617,0.6712403,2699
0.0,0.20257342,1.0569072,0.38436922,0.72057647,2702
0.0,0.19604757,0.9881934,0.3496017,0.7345623,2703
0.0,0.19916838,0.9765545,0.33616716,0.7402533,2706
0.0,0.2008271,1.012698,0.37130868,0.69802505,2708
0.0,0.19062354,1.055604,0.35216334,0.73518175,2713
0.0,0.22011553,0.9429505,0.36307025,0.73105836,2717
0.0,0.19781977,1.0326409,0.35267806,0.71426606,2721
0.0,0.206436,1.008093,0.36421636,0.6828524,2722
0.0,0.2159306,1.0013175,0.33978778,0.7375701,2725
0.0,0.2045098,0.9759857,0.3330745,0.7224031,2727
0.0,0.21156487,1.0712692,0.38991433,0.6862088,2730
0.0,0.20147473,1.0376024,0.3509323,0.70967716,2731
0.0,0.17864288,1.0616088,0.36409032,0.71471155,2732
0.0,0.19355296,1.1004052,0.37143686,0.6885801,2735
0.0,0.2074351,1.0009336,0.3624015,0.7462707,2736
0.0,0.20264839,1.023888,0.32961413,0.7215245,2743
0.0,0.1954892,1.0074673,0.33441553,0.7129882,2748
0.0,0.19165963,1.0553179,0.35749123,0.6767136,2751
0.0,0.2041096,1.0360159,0.36958158,0.6841354,2754
0.0,0.20430689,1.0398673,0.3734162,0.6738296,2755
0.0,0.19405715,1.0796269,0.36893183,0.6772199,2759
0.0,0.21516962,1.0059162,0.37054935,0.73123413,2762
0.0,0.2042134,1.008073,0.3285016,0.775225,2765
0.0,0.23083957,1.0276264,0.3947848,0.72214794,2766
0.0,0.20449744,0.97455066,0.34401357,0.7493714,2769
0.0,0.20513724,0.98397183,0.34173706,0.76859236,2774
0.0,0.19777936,1.0403192,0.3660431,0.69068235,2775
0.0,0.20423876,1.0051932,0.32866046,0.75787336,2787
0.0,0.20838152,1.0077945,0.3543724,0.75140566,2792
0.0,0.20666142,0.9692518,0.35110864,0.7080081,2793
0.0,0.22454104,0.9415563,0.3623482,0.7555535,2799
0.0,0.19372071,1.0067052,0.30826494,0.7489709,2800
0.0,0.19586188,1.0652539,0.3799101,0.65851116,2802
0.0,0.20400918,0.9840365,0.3371249,0.74143845,2804
0.0,0.1978134,1.0163858,0.37638506,0.69654274,2811
0.0,0.2140122,1.1000401,0.3909752,0.7190635,2813
0.0,0.21885408,0.9831289,0.35906616,0.73144704,2817
0.0,0.20282319,0.98582184,0.33346096,0.74944365,2819
0.0,0.18341821,1.004065,0.28413466,0.7917052,2822
0.0,0.21023616,0.999305,0.36684564,0.7436123,2823
0.0,0.21540348,0.9736859,0.3678165,0.7523177,2825
0.0,0.20201205,1.0185971,0.37204656,0.6766203,2826
0.0,0.19397065,1.0184435,0.3337314,0.71098435,2827
0.0,0.22343343,1.0456394,0.39979407,0.7129504,2829
0.0,0.2035059,0.97213805,0.36476144,0.780288,2830
0.0,0.19586678,1.0509981,0.38098654,0.7080476,2832
0.0,0.1845852,1.0644143,0.39334062,0.6759899,2837
0.0,0.20294298,1.0285237,0.36456186,0.7149724,2842
0.0,0.19973888,1.091858,0.3856581,0.6714396,2845
0.0,0.195383,1.0614331,0.35303783,0.6830416,2849
0.0,0.18747392,1.0772465,0.37100857,0.691111,2854
0.0,0.19468953,1.0276464,0.3502195,0.72968084,2855
0.0,0.179578,1.114187,0.34938172,0.6861078,2856
0.0,0.19470365,1.027975,0.3587682,0.7183029,2857
0.0,0.21509993,0.99846214,0.3604172,0.7629457,2858
0.0,0.20163347,1.0165299,0.31177813,0.77583826,2862
0.0,0.19941609,0.9798838,0.3392225,0.76617795,2867
0.0,0.2387513,0.95695734,0.3651171,0.78574514,2870
0.0,0.19791046,0.9794602,0.34744272,0.7304251,2871
0.0,0.21355373,0.94747895,0.33440137,0.7867564,2876
0.0,0.21951127,0.9594116,0.35598978,0.7378497,2881
0.0,0.20308916,1.0055901,0.3333062,0.7307324,2882
0.0,0.19882722,1.015882,0.34619224,0.72000384,2886
0.0,0.18678118,1.0597956,0.35581324,0.7245582,2887
0.0,0.18179752,0.95651776,0.35511702,0.79862547,2888
0.0,0.21147668,1.0072844,0.3583823,0.75061905,2898
0.0,0.19268638,1.0306263,0.38774866,0.67421955,2899
0.0,0.19205518,0.9716042,0.30492878,0.77793,2902
0.0,0.2074537,1.0322704,0.38036236,0.718164,2903
0.0,0.20967345,0.9277346,0.31885678,0.742578,2905
0.0,0.20146975,1.0187087,0.36608306,0.74968237,2914
0.0,0.20505238,0.993812,0.3677052,0.7015521,2916
0.0,0.21797578,1.0372947,0.38933736,0.73363334,2920
0.0,0.20149276,1.016723,0.34714684,0.73926187,2921
0.0,0.19554546,1.0276301,0.36049184,0.7041995,2924
0.0,0.21220325,1.043055,0.37035215,0.73180956,2927
0.0,0.20210527,0.9962819,0.33812556,0.76002336,2933
0.0,0.19596928,1.0605019,0.37472492,0.6509451,2938
0.0,0.2241429,1.0652848,0.38722184,0.72627693,2941
0.0,0.2221348,0.99867254,0.34811082,0.7738725,2942
0.0,0.21148749,0.99021155,0.35164097,0.7347009,2944
0.0,0.19385165,0.9843922,0.30988398,0.73357934,2948
0.0,0.18431357,1.02789,0.3103781,0.74758315,2951
0.0,0.19535202,1.0079863,0.3404748,0.72788084,2952
0.0,0.1961635,1.0113708,0.3327861,0.7284805,2961
0.0,0.19971955,0.9119081,0.29076242,0.7684813,2962
0.0,0.19938992,1.010993,0.3489012,0.74244076,2965
0.0,0.1880218,1.0636073,0.35654712,0.6876115,2969
0.0,0.19996154,1.0988148,0.39531055,0.64579886,2972
0.0,0.20741814,1.0517461,0.3640515,0.7069136,2975
0.0,0.21129248,1.0198027,0.348598,0.7555174,2977
0.0,0.19557704,1.053602,0.35084578,0.7026374,2979
0.0,0.21817198,0.91480434,0.34244528,0.76936346,2984
0.0,0.20852873,1.0163999,0.394996,0.7213018,2985
0.0,0.18708554,1.0398505,0.35068437,0.69669044,2992
0.0,0.19739047,1.0879805,0.350534,0.7091514,3004
0.0,0.1945193,0.9843539,0.33417043,0.7112594,3005
0.0,0.18717532,1.0391793,0.35254082,0.7135136,3010
0.0,0.21051724,1.0240952,0.39604458,0.6911604,3013
0.0,0.19586049,1.0156223,0.33498457,0.72907776,3017
0.0,0.20409286,1.0469068,0.35809505,0.69394207,3023
0.0,0.19541948,0.9816478,0.2965576,0.78963953,3025
0.0,0.2046556,0.93431294,0.32660046,0.7817946,3026
0.0,0.19510774,1.0452648,0.351261,0.7356896,3030
0.0,0.22808631,0.9824087,0.35551795,0.79061437,3031
0.0,0.17909425,1.0620028,0.3599185,0.7129011,3033
0.0,0.20119907,1.0139397,0.32681283,0.72975546,3035
0.0,0.21053028,1.0192575,0.38043106,0.7013119,3036
0.0,0.19433114,1.0216328,0.3601957,0.70550734,3037
0.0,0.20340094,1.0105785,0.34805104,0.69421065,3042
0.0,0.20141868,1.0174384,0.3571418,0.7224714,3045
0.0,0.17295691,1.1154547,0.3604622,0.69528407,3053
0.0,0.20892783,0.9901336,0.34727195,0.7369772,3055
0.0,0.20542948,1.0036837,0.36369646,0.7084321,3058
0.0,0.21703187,1.0183156,0.3577508,0.74529016,3060
0.0,0.1861133,1.0566449,0.3684345,0.70464337,3061
0.0,0.19640067,1.0711011,0.3843339,0.6703048,3062
0.0,0.18419479,1.0468237,0.3476634,0.7101916,3063
0.0,0.19127788,1.0135255,0.33081996,0.7360414,3064
0.0,0.20361063,0.96893334,0.32088625,0.7633653,3078
0.0,0.19058295,1.0847013,0.35013914,0.7111384,3084
0.0,0.20423147,1.0169053,0.37519082,0.73682153,3085
0.0,0.20255454,1.0434129,0.34473577,0.7134762,3091
0.0,0.20510735,1.0306863,0.34622723,0.7422591,3097
0.0,0.19883955,0.98076564,0.31886354,0.77719074,3105
0.0,0.20394318,0.96090907,0.30115917,0.7927549,3106
0.0,0.20388366,1.0099956,0.38952157,0.6865207,3107
0.0,0.19604121,1.0642681,0.37390193,0.6973658,3115
0.0,0.21923672,1.001486,0.37681994,0.7224885,3121
0.0,0.19195306,1.057557,0.39351764,0.69848514,3123
0.0,0.18245709,1.1101279,0.38857764,0.66382843,3125
0.0,0.22085105,0.9893616,0.35780135,0.72703093,3134
0.0,0.21326664,0.9946569,0.35503173,0.7264128,3136
0.0,0.22590044,0.98124033,0.3637703,0.740526,3143
0.0,0.21845508,0.99960834,0.36970112,0.7123861,3145
0.0,0.20612311,1.0217613,0.3473982,0.7499702,3147
0.0,0.19128734,1.059708,0.35956445,0.67888844,3149
0.0,0.23172098,0.95064855,0.35502568,0.751081,3152
0.0,0.1987771,1.0445194,0.36057556,0.71232057,3156
0.0,0.20225057,1.0155568,0.34679767,0.72435987,3157
0.0,0.21376985,0.9468295,0.3330107,0.76315325,3161
0.0,0.19848341,1.0224675,0.38070658,0.69851166,3167
0.0,0.19283482,1.0327759,0.34587586,0.72156954,3174
0.0,0.20963326,1.0725796,0.40599662,0.6691567,3184
0.0,0.19174701,0.9850403,0.3645865,0.7759449,3185
0.0,0.18256196,1.0334886,0.32374007,0.72764724,3186
0.0,0.18976744,1.0370407,0.36429954,0.7173728,3187
0.0,0.18151532,1.125464,0.39712846,0.6995653,3190
0.0,0.19306561,0.9868938,0.33221933,0.75521636,3201
0.0,0.19680914,0.982026,0.3345011,0.76518995,3206
0.0,0.20005016,1.0133511,0.35053754,0.69903064,3208
0.0,0.20334744,1.0221605,0.3603532,0.6961958,3209
0.0,0.18604006,1.0034161,0.30276683,0.7609698,3212
0.0,0.22239004,1.0653042,0.38569406,0.7462698,3216
0.0,0.18261014,1.0053875,0.35643527,0.74818176,3224
0.0,0.21573405,1.012101,0.39315543,0.6817509,3228
0.0,0.18464863,1.0370368,0.35551354,0.71480805,3232
0.0,0.1995734,1.040208,0.36858997,0.7060613,3242
0.0,0.22867222,1.0032936,0.3522413,0.7495701,3243
0.0,0.21338461,1.0077193,0.36749083,0.7006545,3245
0.0,0.20517667,1.0060868,0.3628384,0.69935805,3249
0.0,0.21273108,0.9506686,0.33528903,0.74327374,3250
0.0,0.19482562,1.0051479,0.34284362,0.7193321,3252
0.0,0.20605122,1.0427431,0.39018095,0.6518525,3253
0.0,0.19602074,1.096858,0.37830085,0.6723706,3255
0.0,0.20206319,1.0083759,0.362796,0.72550607,3256
0.0,0.18341376,1.1188978,0.37262923,0.68004936,3258
0.0,0.19634345,1.0317496,0.35221282,0.71234906,3267
0.0,0.20889524,1.0209779,0.3796332,0.70950925,3270
0.0,0.194487,0.9858457,0.30947903,0.753027,3274
0.0,0.21659605,0.9334406,0.3349148,0.77064764,3290
0.0,0.21233052,1.0528378,0.381817,0.71279144,3296
0.0,0.2030109,0.90939575,0.29230553,0.8551262,3304
0.0,0.2112753,0.9918815,0.36513507,0.7572018,3306
0.0,0.20977505,1.0071226,0.36334765,0.73213214,3309
0.0,0.21894448,0.94470716,0.3453115,0.71720654,3312
0.0,0.1897554,1.0584526,0.3412346,0.72336763,3313
0.0,0.21179205,0.95917773,0.34659454,0.74336016,3317
0.0,0.17415608,1.0636708,0.35546327,0.6938498,3320
0.0,0.20194678,1.0225052,0.3760869,0.7261661,3321
0.0,0.18928967,1.0714228,0.37002322,0.6892159,3324
0.0,0.20042281,1.011636,0.36996725,0.69739765,3327
0.0,0.21451573,1.0047847,0.347578,0.73255974,3330
0.0,0.18637244,1.0382428,0.3207406,0.7322557,3331
0.0,0.18965353,1.0318166,0.34094617,0.7172265,3333
0.0,0.22095446,1.1220369,0.39764026,0.71087605,3334
0.0,0.19636883,1.0334361,0.3256236,0.73242307,3338
0.0,0.20031753,1.0818275,0.37375537,0.6967733,3342
0.0,0.19035444,1.0125138,0.34219968,0.7124323,3343
0.0,0.19972599,0.97478366,0.33969954,0.731549,3344
0.0,0.20134549,1.0076498,0.344478,0.7357541,3345
0.0,0.24204293,0.9998693,0.3729658,0.7786143,3346
0.0,0.2116214,0.9789115,0.3572478,0.7264492,3347
0.0,0.21786343,1.0381657,0.33614978,0.773757,3348
0.0,0.1894044,1.06027,0.37532336,0.67679673,3351
0.0,0.19437453,1.0427527,0.35903203,0.7118128,3352
0.0,0.18792412,1.0186167,0.34293154,0.7288359,3357
0.0,0.19226716,0.9726086,0.36462244,0.7482222,3362
0.0,0.19843335,1.0157819,0.33494252,0.7403725,3366
0.0,0.18679573,1.0502615,0.36176607,0.68898576,3367
0.0,0.19807671,1.0254732,0.34686577,0.6814533,3368
0.0,0.21108863,1.0257082,0.3713233,0.6762209,3371
0.0,0.21925636,1.0081733,0.33115354,0.7702796,3372
0.0,0.20326923,0.98764694,0.31770664,0.77857685,3373
0.0,0.22833964,0.9139851,0.33527112,0.7918873,3376
0.0,0.18758442,1.075751,0.36886194,0.7057687,3378
0.0,0.19986685,1.0115637,0.33545253,0.7375815,3382
0.0,0.22283393,1.0608605,0.39312845,0.7145494,3383
0.0,0.18763985,1.0270696,0.35747036,0.74200994,3384
0.0,0.20075318,0.997787,0.36700565,0.71740806,3385
0.0,0.20579585,0.9879951,0.36355945,0.7114997,3386
0.0,0.19665305,1.0873195,0.35027227,0.7159661,3387
0.0,0.1879737,1.0195385,0.37821254,0.75741243,3393
0.0,0.20720188,1.0064383,0.35463762,0.72367483,3398
0.0,0.19033256,1.0050752,0.35998106,0.7489885,3406
0.0,0.20116593,1.0217663,0.34197092,0.7262541,3409
0.0,0.20275019,0.99983615,0.35668203,0.71828234,3411
0.0,0.20896284,1.0132262,0.3558448,0.73030394,3413
0.0,0.19108804,0.98449916,0.34586346,0.72653043,3416
0.0,0.19200215,1.1936282,0.384569,0.6555958,3417
0.0,0.19818592,0.9874475,0.33697525,0.7148571,3419
0.0,0.20635551,1.0159675,0.35377568,0.7313191,3423
0.0,0.19368282,1.0564065,0.34820068,0.6897797,3425
0.0,0.21150641,0.995591,0.38165832,0.71977556,3428
0.0,0.1989438,1.0392718,0.35391432,0.7280196,3430
0.0,0.20285152,1.0215353,0.3756885,0.6923046,3434
0.0,0.19507782,1.0055311,0.32744566,0.7672874,3443
0.0,0.19740112,0.97530454,0.32852677,0.7208389,3445
0.0,0.20091625,1.0311704,0.37148413,0.75552213,3447
0.0,0.1784592,1.039251,0.35456672,0.7124516,3455
0.0,0.19861136,1.0038127,0.3381032,0.754291,3459
0.0,0.20633814,1.0020895,0.35932562,0.70106906,3467
0.0,0.1896569,1.002487,0.3195346,0.73755795,3468
0.0,0.18734238,1.0028464,0.3645363,0.74203706,3472
0.0,0.20342119,1.0360385,0.3911721,0.72221833,3481
0.0,0.19576603,0.9995958,0.32542363,0.7512509,3489
0.0,0.21399556,0.99117225,0.35465226,0.72580844,3492
0.0,0.18976487,0.988966,0.28474405,0.78493327,3496
0.0,0.203188,1.0502359,0.34500253,0.7316175,3499
0.0,0.21122877,1.032194,0.37990654,0.70345044,3505
0.0,0.21586873,0.9434212,0.3277456,0.74745893,3507
0.0,0.18334082,1.081394,0.33890215,0.7012945,3509
0.0,0.19563144,1.0609635,0.3690043,0.6710135,3510
0.0,0.19225085,0.99449795,0.31759816,0.7550418,3512
0.0,0.19546439,1.0190011,0.3480152,0.7279359,3513
0.0,0.20475693,1.0547385,0.40530542,0.6690884,3519
0.0,0.2083374,0.97042537,0.33100763,0.75702804,3526
0.0,0.18822476,1.0754547,0.32604823,0.7240369,3530
0.0,0.19531025,1.0683151,0.38069543,0.6873848,3536
0.0,0.21235606,0.97093105,0.34730598,0.7145653,3537
0.0,0.20034057,1.0089755,0.33654255,0.7360604,3538
0.0,0.19599937,0.99106914,0.32634977,0.7342913,3539
0.0,0.20080069,1.0217245,0.34465295,0.74129146,3543
0.0,0.19174819,0.98351836,0.35554639,0.7358155,3544
0.0,0.20677118,0.9693634,0.32805812,0.76200515,3545
0.0,0.20027518,1.0032693,0.36788574,0.6879021,3550
0.0,0.19202587,1.0156399,0.35463035,0.7208932,3555
0.0,0.21555668,0.93568957,0.34306085,0.7314433,3558
0.0,0.19898513,0.9895459,0.3353829,0.7195066,3560
0.0,0.20918821,1.0931151,0.3755223,0.7025671,3561
0.0,0.21219304,0.9951075,0.38345683,0.71024483,3564
0.0,0.1888328,1.033159,0.33327058,0.71559596,3570
0.0,0.1875448,1.066905,0.34167212,0.6894879,3574
0.0,0.20026074,0.9881812,0.3413693,0.74817973,3576
0.0,0.20816402,0.99592125,0.34263173,0.73013425,3577
0.0,0.19222349,0.9911889,0.35213852,0.7659212,3578
0.0,0.20764463,0.9933025,0.38271287,0.7691288,3579
0.0,0.21869123,1.0223603,0.3848644,0.7136106,3585
0.0,0.20103705,1.0588894,0.367935,0.70561045,3586
0.0,0.21991433,1.0545925,0.37948957,0.7191523,3602
0.0,0.20537093,0.99367124,0.33367616,0.74242234,3620
0.0,0.1958211,1.0095091,0.3390621,0.72572994,3626
0.0,0.20553431,0.99078315,0.3505557,0.72203636,3627
0.0,0.20069271,0.9839229,0.33932856,0.72760093,3628
0.0,0.2244576,1.0191251,0.39577088,0.7304837,3629
0.0,0.20135708,1.0498601,0.3735748,0.68850064,3630
0.0,0.18572548,1.0780275,0.37795898,0.6882072,3632
0.0,0.2074318,1.0337768,0.35594797,0.72482157,3636
0.0,0.19992758,1.0284154,0.35045558,0.7068073,3641
0.0,0.22081377,0.99916947,0.38801602,0.70075846,3642
0.0,0.20725799,0.97654426,0.3633433,0.76190984,3647
0.0,0.20864776,1.1202351,0.38758558,0.70513684,3649
0.0,0.19870527,1.0301235,0.3599344,0.68949926,3650
0.0,0.19248304,1.0261894,0.35026804,0.7418867,3653
0.0,0.21546337,0.9906961,0.37432474,0.70060325,3655
0.0,0.23108408,1.0021764,0.37158164,0.7824708,3656
0.0,0.20182239,1.082406,0.3815892,0.6805876,3658
0.0,0.1888636,0.9509783,0.30796897,0.789888,3659
0.0,0.2028928,1.0077947,0.33198577,0.75678235,3662
0.0,0.1959778,1.0831994,0.3893775,0.67407244,3666
0.0,0.1871507,1.0708038,0.36272562,0.69194305,3668
0.0,0.21573934,1.007163,0.33901325,0.75338405,3676
0.0,0.20515014,1.0623902,0.3806195,0.71121895,3678
0.0,0.21393012,0.97468424,0.32613185,0.78856033,3680
0.0,0.19325833,1.0359998,0.3497273,0.71176726,3689
0.0,0.18669564,1.0294697,0.33846712,0.7158323,3694
0.0,0.2089611,0.9605532,0.3287957,0.77165824,3697
0.0,0.19281997,1.0555379,0.37384322,0.7122366,3705
0.0,0.18915176,1.0689204,0.3617938,0.6941472,3706
0.0,0.20632212,0.992936,0.3669631,0.74376667,3707
0.0,0.18857974,1.0244037,0.36444244,0.7140823,3708
0.0,0.21470416,0.97286767,0.32074857,0.77763265,3716
0.0,0.20645362,0.9764172,0.3312809,0.751617,3717
0.0,0.20163104,1.0481403,0.35265562,0.724962,3724
0.0,0.2133329,0.92511356,0.314571,0.77691716,3728
0.0,0.20122753,0.9998877,0.36081716,0.75604063,3736
0.0,0.21252427,1.0410855,0.36141893,0.7522855,3737
0.0,0.21574587,1.0199533,0.37216398,0.7313447,3738
0.0,0.20662594,0.9841673,0.3072344,0.7607369,3739
0.0,0.18904676,1.0254829,0.36546367,0.73363966,3740
0.0,0.19635247,1.0250266,0.37022483,0.7042657,3742
0.0,0.20332333,0.9636486,0.35491785,0.7568082,3743
0.0,0.20136352,0.97257274,0.29941922,0.808151,3751
0.0,0.20770447,0.9558097,0.3387292,0.74534786,3752
0.0,0.19486026,1.0224247,0.37521285,0.7282693,3753
0.0,0.21162112,1.013982,0.34288582,0.7689805,3754
0.0,0.21713358,1.096324,0.38501737,0.694095,3758
0.0,0.20064366,0.9587086,0.36629578,0.78211653,3760
0.0,0.20363563,1.0176181,0.33657974,0.73737377,3761
0.0,0.22739644,0.9644615,0.3645148,0.7262483,3765
0.0,0.21003075,1.0464152,0.36151487,0.72325253,3768
0.0,0.20343392,1.0029566,0.33330098,0.72285175,3769
0.0,0.22588949,0.9641644,0.37293345,0.736639,3771
0.0,0.20282972,1.0193235,0.3594247,0.7268463,3776
0.0,0.22838861,0.9682551,0.34707233,0.7584745,3780
0.0,0.19104649,1.0471302,0.34705314,0.7091397,3783
0.0,0.2031586,1.0384744,0.33458173,0.7693676,3785
0.0,0.20619391,1.0274084,0.3828679,0.6879085,3786
0.0,0.19355464,1.0192809,0.33636686,0.72852653,3789
0.0,0.19176257,0.9816482,0.32154605,0.7576514,3795
0.0,0.22786622,0.98839897,0.3855008,0.7368775,3796
0.0,0.20178235,1.0725852,0.3689238,0.730312,3797
0.0,0.19731806,1.0114515,0.37842438,0.79069895,3804
0.0,0.20371634,1.0170069,0.3836291,0.7159873,3807
0.0,0.21048401,0.95559716,0.3471135,0.7387552,3809
0.0,0.2038754,1.0159389,0.36479098,0.7076442,3810
0.0,0.18626371,1.0808439,0.36629802,0.68196803,3812
0.0,0.19106814,1.0155458,0.3319996,0.7524255,3813
0.0,0.20752423,1.0473412,0.36245367,0.7033889,3815
0.0,0.20035394,1.0483046,0.35150278,0.71874255,3822
0.0,0.21281849,1.0474824,0.37474507,0.73193145,3828
0.0,0.19533819,1.0536342,0.36511257,0.69692534,3834
0.0,0.20747995,0.9958464,0.34535015,0.7365188,3835
0.0,0.1880619,0.99560094,0.34340036,0.7558719,3844
0.0,0.19745907,1.0131154,0.3683098,0.7169955,3848
0.0,0.20146945,0.99751276,0.35023052,0.7585677,3854
0.0,0.20719734,0.9746397,0.36859843,0.73543257,3856
0.0,0.21256754,0.990778,0.3526769,0.7334658,3869
0.0,0.18454276,1.0684537,0.35917303,0.7158468,3874
0.0,0.19605042,1.0388176,0.34062865,0.71731144,3880
0.0,0.22609852,0.99820065,0.37392163,0.7481847,3885
0.0,0.2012523,1.0845765,0.3608225,0.69130224,3896
0.0,0.21042578,1.0272982,0.37371647,0.6995459,3898
0.0,0.18995248,1.0893131,0.37509114,0.6752271,3900
0.0,0.19767343,1.0751439,0.3608695,0.6957442,3902
0.0,0.22209987,1.0008186,0.38507918,0.6994387,3907
0.0,0.19071841,1.0360059,0.350444,0.70368177,3909
0.0,0.20319705,1.0622432,0.3804806,0.6696409,3910
0.0,0.200339,0.9429619,0.298824,0.80328655,3911
0.0,0.19114064,1.0101818,0.33727485,0.7571613,3912
0.0,0.1911878,1.0895141,0.38946974,0.696784,3915
0.0,0.18977177,1.0762796,0.36881033,0.6948199,3916
0.0,0.20354557,0.97918355,0.34625664,0.6950047,3925
0.0,0.18886933,0.91775304,0.24481127,0.9034494,3928
0.0,0.19576475,1.0002233,0.33192056,0.7155523,3933
0.0,0.19099408,0.97904074,0.35356733,0.7293588,3935
0.0,0.18676832,1.0053111,0.33397737,0.73140746,3937
0.0,0.2078053,0.9675423,0.32087588,0.7412963,3940
0.0,0.20780006,1.0704795,0.3879543,0.7125362,3941
0.0,0.206136,0.975761,0.33561328,0.7376741,3949
0.0,0.20600688,0.9972238,0.3305714,0.7606991,3955
0.0,0.20010443,1.0052167,0.35086694,0.7168448,3956
0.0,0.20235261,1.0516865,0.3565247,0.7124684,3961
0.0,0.21321261,0.9502426,0.3402579,0.7541605,3966
0.0,0.19664492,1.0613073,0.35932454,0.71942675,3968
0.0,0.20018046,1.031795,0.35161254,0.7367744,3970
0.0,0.2090881,0.98447883,0.3387613,0.76029164,3976
0.0,0.20823151,1.0437545,0.39897612,0.66999274,3981
0.0,0.18608558,1.0686196,0.3635196,0.7239403,3985
0.0,0.20032778,1.08188,0.33336744,0.73977685,3992
0.0,0.20152219,1.0610889,0.3597217,0.67529297,3996
0.0,0.19261834,1.0464801,0.36606145,0.76136416,4000
0.0,0.2164776,0.93399984,0.3149763,0.7618883,4002
0.0,0.20367248,0.9904169,0.3597757,0.75219935,4003
0.0,0.19344255,0.98274153,0.32477286,0.74000376,4008
0.0,0.21483774,1.0237731,0.37653327,0.7660202,4014
0.0,0.19297776,0.99167335,0.33910283,0.73968154,4018
0.0,0.20040965,1.0252144,0.34303668,0.73407793,4020
0.0,0.21157694,1.0232668,0.36161396,0.7254709,4024
0.0,0.2131159,1.0342523,0.39142248,0.68912935,4025
0.0,0.20931953,1.0342046,0.36350203,0.7162949,4029
0.0,0.20525794,0.9986142,0.35675454,0.7420029,4030
0.0,0.21103081,1.0254136,0.37918293,0.7184849,4031
0.0,0.21693352,1.0166206,0.38497382,0.7408613,4032
0.0,0.2320014,0.9644682,0.35133263,0.7691819,4039
0.0,0.21874154,0.9700546,0.3316729,0.7432351,4046
0.0,0.19871134,0.9287215,0.2831277,0.83412814,4050
0.0,0.20567338,1.0357046,0.37306398,0.7029619,4051
0.0,0.19458562,0.99684566,0.3397598,0.75107604,4057
0.0,0.19155678,1.0733056,0.37250432,0.6489369,4068
0.0,0.19925474,1.0697956,0.3796453,0.7028248,4072
0.0,0.20315988,0.98982763,0.34659874,0.7113381,4073
0.0,0.19641466,1.0058556,0.3277517,0.75142944,4074
0.0,0.20731467,0.9874872,0.3484979,0.72501767,4080
0.0,0.20473333,1.0411918,0.3637071,0.66925067,4081
0.0,0.19715843,1.0549577,0.3448276,0.7090964,4082
0.0,0.20363933,0.97621894,0.3524391,0.71972317,4086
0.0,0.21446957,0.9571107,0.3347251,0.74216133,4091
0.0,0.19987321,0.94083714,0.30186653,0.7883099,4093
0.0,0.22372645,0.9796352,0.3555369,0.762403,4095
0.0,0.20873648,1.0036718,0.3470657,0.7509523,4106
0.0,0.2083645,1.0080769,0.35534778,0.72578835,4107
0.0,0.1969223,0.96443385,0.2937565,0.8137924,4116
0.0,0.19851099,1.0104433,0.34736535,0.716515,4119
0.0,0.1832481,1.1528318,0.40426752,0.655436,4131
0.0,0.1946031,1.0580027,0.35508236,0.7170196,4135
0.0,0.19485839,0.968552,0.359074,0.7558889,4139
0.0,0.19667274,1.0901717,0.39679092,0.6790349,4142
0.0,0.19966176,1.0632186,0.328762,0.75036526,4146
0.0,0.21485408,0.982122,0.3490742,0.7343438,4149
0.0,0.19153225,1.0135468,0.32970965,0.75406384,4152
0.0,0.20531425,1.0805291,0.3840631,0.6788316,4153
0.0,0.20946987,1.0008718,0.3699481,0.69694316,4155
0.0,0.21397613,1.0063826,0.38642186,0.7005209,4158
0.0,0.19024633,0.9395167,0.34394816,0.82494646,4161
0.0,0.19207112,0.9893018,0.3072432,0.76470286,4169
0.0,0.21314065,0.9971085,0.33127767,0.78005886,4171
0.0,0.19003214,0.9699157,0.30400097,0.78574777,4173
0.0,0.20475547,0.9966582,0.37097505,0.74700075,4176
0.0,0.19257408,1.0300561,0.33783418,0.7341383,4177
0.0,0.20616713,1.0647608,0.3830581,0.6713642,4178
0.0,0.19204387,1.0291951,0.36506736,0.7295885,4182
0.0,0.20288062,1.0168649,0.3461176,0.7174703,4183
0.0,0.1797786,1.0393716,0.2894848,0.7579475,4186
0.0,0.20454516,1.0140054,0.35121602,0.7116296,4187
0.0,0.19034518,1.0272707,0.35172257,0.7253913,4189
0.0,0.20478159,0.98072135,0.35483927,0.7874049,4191
0.0,0.19275077,1.013235,0.33539534,0.7626107,4193
0.0,0.19217815,1.0246764,0.35642415,0.7083014,4196
0.0,0.19259681,1.0684612,0.32944041,0.7250282,4197
0.0,0.21060985,0.9861571,0.37376723,0.75446314,4198
0.0,0.19689511,0.9884687,0.33128637,0.6999501,4201
0.0,0.19737051,0.9501035,0.30970067,0.788923,4204
0.0,0.19345464,1.0526284,0.35396376,0.7191959,4205
0.0,0.20440242,1.0533115,0.3589676,0.6886804,4208
0.0,0.20331292,1.0159136,0.34766707,0.7072002,4212
0.0,0.20331767,0.9911202,0.34237164,0.7097043,4215
0.0,0.21271943,1.1178455,0.38572365,0.70410615,4220
0.0,0.21390481,1.000374,0.35175872,0.75457805,4222
0.0,0.22040503,1.040736,0.390685,0.69658595,4232
0.0,0.2262223,0.999508,0.39644888,0.7146808,4233
0.0,0.19138107,1.0306448,0.32478958,0.7367935,4241
0.0,0.21335112,1.0736387,0.37658194,0.72120404,4254
0.0,0.19567859,1.0029111,0.36081433,0.7069044,4259
0.0,0.18772809,1.038722,0.35206726,0.70989126,4261
0.0,0.2016928,0.95385855,0.29975998,0.7596257,4263
0.0,0.20285745,1.0074703,0.3249455,0.7822547,4266
0.0,0.19858292,0.9714733,0.29316512,0.775939,4270
0.0,0.18425013,1.0560704,0.37318793,0.7229603,4271
0.0,0.19934596,1.0234927,0.36149994,0.7396859,4272
0.0,0.21012157,1.0073396,0.35464725,0.7062538,4277
0.0,0.20861815,0.97338605,0.34694555,0.7010629,4279
0.0,0.21664396,1.0727286,0.40730923,0.70127743,4283
0.0,0.1958701,1.0232208,0.35750672,0.7202334,4284
0.0,0.19497953,1.0775338,0.39273953,0.68267554,4289
0.0,0.20719676,1.0192332,0.35468385,0.70977587,4290
0.0,0.20176764,1.0418451,0.34077635,0.7225939,4291
0.0,0.19444765,1.0182604,0.347685,0.71779335,4294
0.0,0.21489976,1.0202976,0.3687946,0.710868,4297
0.0,0.18839669,1.0125104,0.33376557,0.7196894,4301
0.0,0.21502523,0.98389554,0.36664104,0.73927736,4307
0.0,0.18964307,1.0876777,0.32405892,0.7313101,4312
0.0,0.22392184,0.99397635,0.36839482,0.7291608,4314
0.0,0.20230539,1.031087,0.33751637,0.745024,4318
0.0,0.21385466,1.0202538,0.3704148,0.72180784,4322
0.0,0.21507637,1.020063,0.3478012,0.7716242,4328
0.0,0.20563291,1.0071276,0.38717765,0.72718555,4329
0.0,0.19337189,1.0268747,0.34125203,0.7400067,4330
0.0,0.1981473,1.0097008,0.32053575,0.73178923,4333
0.0,0.20274746,0.9893094,0.324379,0.7639712,4342
0.0,0.19751817,1.06939,0.38208592,0.68268776,4343
0.0,0.20760743,0.97673464,0.33727077,0.743284,4344
0.0,0.19300252,1.0647093,0.35072675,0.703198,4348
0.0,0.19854,1.1037925,0.38931453,0.6657195,4350
0.0,0.1866714,1.041403,0.35743353,0.72376055,4353
0.0,0.18185249,1.0423187,0.3280101,0.7233164,4354
0.0,0.20044652,1.0058582,0.30867267,0.7666577,4357
0.0,0.19278844,1.0263218,0.3344314,0.7209665,4367
0.0,0.239454,1.0150824,0.40106726,0.7377368,4371
0.0,0.20850879,1.0225855,0.3473766,0.76914734,4372
0.0,0.20763001,1.054074,0.35114875,0.7079929,4379
0.0,0.20957331,0.92466277,0.3463391,0.8205378,4380
0.0,0.19118267,1.0816724,0.37386817,0.69275194,4384
0.0,0.21421759,1.0236188,0.36628348,0.73022044,4386
0.0,0.20108911,0.9972745,0.3548632,0.7330469,4388
0.0,0.21936396,1.0011399,0.377616,0.72798467,4389
0.0,0.2102008,0.9830226,0.34751308,0.72608864,4391
0.0,0.19944206,1.022783,0.32527095,0.7547429,4392
0.0,0.20416431,1.0545547,0.36530015,0.75337094,4393
0.0,0.20023628,1.0142411,0.36388412,0.7453984,4394
0.0,0.19997656,1.0723196,0.3766054,0.6769705,4397
0.0,0.19490851,0.97902143,0.32930142,0.77885044,4400
0.0,0.19774806,1.0381571,0.36936885,0.68285185,4401
0.0,0.1908377,1.0086781,0.37238207,0.7128278,4402
0.0,0.1974933,1.04859,0.3588063,0.6867353,4404
0.0,0.20279293,1.0423927,0.3533929,0.71581006,4407
0.0,0.1927953,0.94745016,0.30841175,0.7778678,4415
0.0,0.2176477,0.94856787,0.3287656,0.787409,4416
0.0,0.19610627,1.0162742,0.34353277,0.68358105,4418
0.0,0.18951043,0.9744768,0.3243808,0.7651648,4421
0.0,0.20268168,1.0371156,0.35329208,0.70771545,4426
0.0,0.20077874,1.0068102,0.3218821,0.7472155,4427
0.0,0.20576334,1.0326879,0.3500674,0.71591884,4428
0.0,0.1921878,1.0463281,0.35192364,0.71964693,4429
0.0,0.19382808,1.0067887,0.33481467,0.70878613,4431
0.0,0.20460597,0.99024546,0.35255522,0.7407868,4434
0.0,0.19886222,1.0525799,0.37960654,0.6801181,4435
0.0,0.19597967,1.0529555,0.36899456,0.7150506,4437
0.0,0.20197408,1.0018747,0.36249173,0.7325392,4443
0.0,0.2006815,1.069726,0.38073945,0.6867987,4446
0.0,0.22351265,0.99751806,0.3497369,0.7874783,4452
0.0,0.19490795,1.0331647,0.35713705,0.69591683,4462
0.0,0.20786804,0.9978096,0.33804512,0.73070145,4463
0.0,0.19154742,1.0277147,0.36342797,0.71477777,4465
0.0,0.18778333,1.0654147,0.35817203,0.6999234,4471
0.0,0.20477071,0.99625945,0.3472475,0.7049841,4472
0.0,0.21159835,1.0205325,0.3354072,0.7473554,4474
0.0,0.21411076,0.93079996,0.3292124,0.75257796,4478
0.0,0.19723682,1.0944045,0.38872376,0.69174117,4480
0.0,0.19927241,1.0311394,0.34096575,0.74153256,4483
0.0,0.19601378,1.0338709,0.36221826,0.7100868,4487
0.0,0.2030228,1.094387,0.3797629,0.6680676,4490
0.0,0.19065142,0.9795971,0.28732592,0.7736499,4493
0.0,0.18593988,1.0641078,0.3683776,0.70402133,4494
0.0,0.21213615,0.98738354,0.31483963,0.7709384,4497
0.0,0.20359099,0.98860526,0.3715118,0.7353515,4501
0.0,0.1973344,1.084897,0.3765055,0.6915763,4503
0.0,0.20347312,1.0093762,0.34791586,0.75357497,4504
0.0,0.1933215,1.1026981,0.35540476,0.70569617,4505
0.0,0.22757307,1.0172904,0.38442695,0.71313626,4506
0.0,0.2159937,0.9924584,0.36367825,0.7097911,4508
0.0,0.18754537,0.99965996,0.354908,0.75256133,4511
0.0,0.19128154,0.9931286,0.33829138,0.73056704,4513
0.0,0.21669714,0.995595,0.36214232,0.7335777,4520
0.0,0.20376049,0.99632746,0.35871005,0.7115753,4524
0.0,0.19576082,1.0428108,0.32454315,0.72915685,4526
0.0,0.17520978,1.1301463,0.36503768,0.6909832,4527
0.0,0.22018822,0.9637413,0.35294512,0.74525917,4532
0.0,0.1904713,1.0313404,0.37027192,0.69189775,4537
0.0,0.22760792,1.0557369,0.3959539,0.7220932,4540
0.0,0.2295838,0.927468,0.35419837,0.76334125,4541
0.0,0.20903791,1.0062674,0.37302884,0.7187283,4545
0.0,0.20584087,1.0129994,0.33291927,0.7391959,4546
0.0,0.21316214,0.98875713,0.354562,0.7307873,4547
0.0,0.18415335,1.0547197,0.34795317,0.70643103,4549
0.0,0.19665834,0.982943,0.33144334,0.74078315,4551
0.0,0.19599614,0.9948924,0.35333645,0.7146851,4557
0.0,0.20446391,1.0115126,0.35196233,0.70309985,4562
0.0,0.18793634,1.0222961,0.34739804,0.7224547,4573
0.0,0.20111758,0.9855597,0.33883783,0.7646447,4575
0.0,0.21630448,0.9784901,0.34346098,0.77309966,4579
0.0,0.18124376,0.9924266,0.36718965,0.7657938,4580
0.0,0.18785258,1.0244594,0.3466909,0.7433667,4583
0.0,0.22340015,0.9700555,0.3832684,0.7435551,4585
0.0,0.18136308,1.0951047,0.36953792,0.6780403,4587
0.0,0.21207018,1.023647,0.33743146,0.7437045,4594
0.0,0.17549437,1.0555067,0.37426668,0.71067935,4595
0.0,0.20348226,0.9873165,0.35327464,0.7086437,4608
0.0,0.19175608,1.000626,0.31537765,0.74188864,4611
0.0,0.19601153,0.9879421,0.3148177,0.75059515,4612
0.0,0.1910922,1.0221906,0.3561345,0.70149946,4614
0.0,0.20698917,0.99136126,0.35855898,0.7136394,4617
0.0,0.22253262,1.0078957,0.37505695,0.7278497,4619
0.0,0.19716361,1.0010672,0.32571545,0.74514014,4625
0.0,0.20961884,1.0105525,0.36472532,0.7316929,4627
0.0,0.18120775,1.1021662,0.3726302,0.6816153,4630
0.0,0.2156861,1.029006,0.38270846,0.70657545,4631
0.0,0.20446664,1.0521189,0.3637064,0.7039488,4632
0.0,0.20833322,1.0183504,0.3623731,0.7291933,4634
0.0,0.19624422,0.9780877,0.33375916,0.76980585,4635
0.0,0.19539331,0.9921188,0.3329783,0.74806404,4639
0.0,0.1959386,1.0090342,0.32391995,0.7317114,4640
0.0,0.19601849,0.9576164,0.3121742,0.7745855,4644
0.0,0.21640022,1.001146,0.38800532,0.70406693,4647
0.0,0.191963,1.0209012,0.33751407,0.7299773,4649
0.0,0.20687324,0.9520609,0.3081998,0.79067314,4674
0.0,0.20965227,1.0440983,0.36741784,0.70941114,4684
0.0,0.20569114,1.040419,0.36356288,0.69515014,4686
0.0,0.20485076,1.0626415,0.38732,0.71671456,4689
0.0,0.19628507,1.0297492,0.3342802,0.7217963,4693
0.0,0.22316873,1.0373971,0.36605227,0.72167516,4698
0.0,0.20231162,1.1036057,0.39506006,0.6624333,4699
0.0,0.20499809,0.9755744,0.30783087,0.7737337,4713
0.0,0.19592431,0.97752076,0.32032353,0.77777797,4717
0.0,0.21853346,0.9756234,0.33695745,0.7477981,4725
0.0,0.2031483,1.0267987,0.36642522,0.6983426,4730
0.0,0.19323385,0.99609804,0.34947303,0.74704903,4731
0.0,0.21089895,0.97611153,0.36110395,0.7123144,4734
0.0,0.18980953,1.0582511,0.3391387,0.699647,4740
0.0,0.20064756,1.0746324,0.38395405,0.67367613,4744
0.0,0.18167387,1.0257751,0.36527127,0.74925166,4745
0.0,0.22043583,0.9482256,0.36350328,0.742891,4750
0.0,0.20482938,0.9840628,0.3411362,0.7138937,4758
0.0,0.19459534,1.0473961,0.3666356,0.705028,4761
0.0,0.21183662,0.97382665,0.33337873,0.76353115,4763
0.0,0.20716554,1.0024465,0.3774762,0.72743803,4768
0.0,0.20229593,1.0882924,0.394648,0.6710043,4773
0.0,0.20923926,0.96461916,0.35902768,0.7343482,4776
0.0,0.21053927,1.0476092,0.37518418,0.7043925,4778
0.0,0.2235135,0.98091274,0.33858177,0.779812,4780
0.0,0.20961933,1.031218,0.35190842,0.72949314,4785
0.0,0.23503675,1.0071892,0.37753028,0.74851906,4786
0.0,0.18018636,1.100784,0.3480859,0.70189565,4788
0.0,0.21069,1.0625739,0.399854,0.67969215,4794
0.0,0.19124845,1.0760306,0.37307835,0.6753586,4800
0.0,0.19714698,0.98666483,0.32709146,0.7458884,4801
0.0,0.21503389,0.9932342,0.34943703,0.72973377,4802
0.0,0.20174892,0.9887491,0.3574401,0.74534404,4803
0.0,0.20119411,0.9580431,0.32794115,0.70997167,4804
0.0,0.20116146,1.005983,0.36372894,0.73901886,4806
0.0,0.19705272,1.0376197,0.32624447,0.7248138,4808
0.0,0.18849345,1.0419039,0.34941924,0.7082498,4813
0.0,0.20662013,1.0376232,0.36905318,0.69831246,4814
0.0,0.21312708,0.94230455,0.30283993,0.8058669,4819
0.0,0.19568123,1.031926,0.34767127,0.6771423,4823
0.0,0.19554341,1.0716437,0.3624401,0.68766105,4824
0.0,0.20770591,0.99839,0.35398033,0.72207355,4832
0.0,0.19073486,0.951687,0.36524874,0.78455585,4833
0.0,0.216967,1.0496677,0.37651008,0.7305338,4834
0.0,0.19398499,1.028085,0.35414916,0.7235475,4835
0.0,0.20982365,1.0370822,0.3224019,0.763384,4837
0.0,0.19418095,1.0736551,0.36269763,0.671082,4839
0.0,0.2130529,1.0544312,0.33772695,0.77298796,4841
0.0,0.2217671,0.94404745,0.33236682,0.7653861,4843
0.0,0.20391206,1.0657318,0.39665994,0.6831187,4845
0.0,0.21465704,1.0232668,0.37958068,0.7448643,4847
0.0,0.19429138,1.0090612,0.33662367,0.74064696,4848
0.0,0.21059519,0.8967644,0.3133258,0.84657633,4854
0.0,0.2289076,0.9985097,0.34880376,0.78845286,4856
0.0,0.19746543,1.0143456,0.34840977,0.72051525,4862
0.0,0.18324395,1.0855986,0.34301552,0.6842766,4863
0.0,0.19635305,1.0046786,0.32793084,0.73769546,4869
0.0,0.20964783,0.96613365,0.3704026,0.74455154,4870
0.0,0.19188595,1.0560019,0.36966264,0.6916818,4872
0.0,0.18903393,1.0367391,0.37053746,0.71491283,4880
0.0,0.21653694,1.023216,0.36858088,0.7212415,4883
0.0,0.1913283,1.0519867,0.37700066,0.6750009,4887
0.0,0.19843063,1.0608956,0.36481118,0.6999018,4888
0.0,0.21997079,1.0695738,0.37037092,0.7512495,4890
0.0,0.22514027,1.0012999,0.38367587,0.7304404,4897
0.0,0.21848947,1.0241429,0.34976885,0.76067936,4898
0.0,0.23169321,0.95813125,0.3655221,0.7491341,4899
0.0,0.1931854,1.0452229,0.36426905,0.70332724,4907
0.0,0.19961147,1.0719172,0.382869,0.69567406,4908
0.0,0.20142083,1.0218412,0.35700393,0.6909688,4909
0.0,0.19804892,0.98350674,0.3419576,0.7347651,4910
0.0,0.18680483,1.051601,0.34729415,0.6920102,4912
0.0,0.20762554,1.0685164,0.36750174,0.6843228,4924
0.0,0.21195428,1.002863,0.35857156,0.7423654,4940
0.0,0.18969308,1.0453717,0.36238372,0.70477235,4942
0.0,0.21415609,0.97440654,0.33270082,0.7710712,4943
0.0,0.20261577,1.041194,0.36364737,0.69568735,4944
0.0,0.21177797,0.98794866,0.34305477,0.73825145,4946
0.0,0.20786776,0.95721626,0.34012637,0.7537773,4947
0.0,0.21680512,0.9705177,0.3347049,0.7752206,4949
0.0,0.19615576,1.0466523,0.36425495,0.68160886,4953
0.0,0.20304623,1.0268304,0.35092148,0.7085687,4958
0.0,0.21060368,0.9895076,0.3338914,0.7445936,4959
0.0,0.18730986,1.0592893,0.3651086,0.69708115,4960
0.0,0.19826806,1.0314529,0.33000827,0.72589034,4961
0.0,0.2047235,1.0174627,0.34835905,0.7421406,4963
0.0,0.21948293,0.9830978,0.35795748,0.7409322,4964
0.0,0.1929867,1.0174727,0.3541524,0.6944447,4965
0.0,0.19034202,1.0314502,0.3801007,0.691347,4966
0.0,0.19828506,1.0427119,0.380278,0.75150687,4969
0.0,0.21286184,0.9707716,0.34208533,0.7574465,4973
0.0,0.20180184,1.0268816,0.379817,0.6936267,4974
0.0,0.22442065,0.949941,0.3473025,0.7762319,4975
0.0,0.19626449,0.9863004,0.32314733,0.73397976,4978
0.0,0.19827783,1.010342,0.36189455,0.6761695,4983
0.0,0.21934068,1.0353341,0.3824739,0.70704126,4986
0.0,0.20812549,1.0013341,0.36601153,0.7412615,4987
0.0,0.19968304,1.0238386,0.34036288,0.7503666,4990
0.0,0.20201117,1.0071797,0.33108804,0.74901724,4992
0.0,0.19736247,1.0379851,0.37112486,0.6697315,4994
0.0,0.21633808,0.938582,0.33505023,0.77502805,4998
