name: optuna
solutions:
- params:
    learning_rate: 0.0007850282427728214
    weight_decay: 0.0016254502255452585
    transformer_hidden_size: 8
    transformer_intermediate_size: 64
    transformer_num_attention_heads: 4
    transformer_num_hidden_layers: 4
    survival_intermediate_size: 24
    token_emb: 2
    sentence_emb: 2
  values:
  - 0.6544620370817247
  - 0.0
- params:
    learning_rate: 0.004769204087503632
    weight_decay: 0.0011441150387752684
    transformer_hidden_size: 16
    transformer_intermediate_size: 64
    transformer_num_attention_heads: 4
    transformer_num_hidden_layers: 2
    survival_intermediate_size: 24
    token_emb: 2
    sentence_emb: 1
  values:
  - 0.7011564545876721
  - 0.18020381085055265
- params:
    learning_rate: 0.0011634053757848032
    weight_decay: 0.006198460406405494
    transformer_hidden_size: 16
    transformer_intermediate_size: 32
    transformer_num_attention_heads: 4
    transformer_num_hidden_layers: 1
    survival_intermediate_size: 8
    token_emb: 3
    sentence_emb: 1
  values:
  - 0.6868922374019375
  - 0.17259262080308188
