name: optuna
solutions:
- params:
    learning_rate: 0.00028141071778163497
    weight_decay: 0.002209409294519883
    transformer_hidden_size: 32
    transformer_intermediate_size: 96
    transformer_num_attention_heads: 4
    transformer_num_hidden_layers: 4
    survival_intermediate_size: 8
    token_emb: 3
    sentence_emb: 1
  values:
  - 0.6748068245933297
  - 0.1750175908837226
- params:
    learning_rate: 0.00011320873131291127
    weight_decay: 0.001026369648707569
    transformer_hidden_size: 32
    transformer_intermediate_size: 32
    transformer_num_attention_heads: 4
    transformer_num_hidden_layers: 4
    survival_intermediate_size: 24
    token_emb: 4
    sentence_emb: 1
  values:
  - 0.645229664525643
  - 0.0
