name: optuna
solutions:
- params:
    learning_rate: 2.2216991047348704e-05
    weight_decay: 0.006869287063501107
    transformer_hidden_size: 32
    transformer_intermediate_size: 32
    transformer_num_attention_heads: 2
    transformer_num_hidden_layers: 2
    survival_intermediate_size: 24
    token_emb: 4
    sentence_emb: 1
  values:
  - 0.6588927205608793
  - 0.18157754780419208
- params:
    learning_rate: 0.0019770778820019036
    weight_decay: 0.002235747620254385
    transformer_hidden_size: 8
    transformer_intermediate_size: 96
    transformer_num_attention_heads: 4
    transformer_num_hidden_layers: 2
    survival_intermediate_size: 24
    token_emb: 2
    sentence_emb: 3
  values:
  - 0.6462530028363581
  - 0.0
- params:
    learning_rate: 0.00035906194757997053
    weight_decay: 0.006869287063501107
    transformer_hidden_size: 32
    transformer_intermediate_size: 96
    transformer_num_attention_heads: 4
    transformer_num_hidden_layers: 2
    survival_intermediate_size: 24
    token_emb: 3
    sentence_emb: 1
  values:
  - 0.6598106752731946
  - 0.19068122268723256
