name: optuna
solutions:
- params:
    learning_rate: 0.0005687237444024079
    weight_decay: 0.05001268392745459
    transformer_hidden_size: 32
    transformer_intermediate_size: 96
    transformer_num_attention_heads: 4
    transformer_num_hidden_layers: 1
    survival_intermediate_size: 16
    token_emb: 2
    sentence_emb: 2
  values:
  - 0.7239129206992294
  - 0.15853470321041246
- params:
    learning_rate: 0.0005687237444024079
    weight_decay: 0.05001268392745459
    transformer_hidden_size: 32
    transformer_intermediate_size: 96
    transformer_num_attention_heads: 4
    transformer_num_hidden_layers: 1
    survival_intermediate_size: 16
    token_emb: 4
    sentence_emb: 2
  values:
  - 0.6891728226942356
  - 0.0
