datetime_complete: '2025-03-31T11:59:55.936974'
datetime_start: '2025-03-31T11:59:18.351831'
number: 42
params:
  learning_rate: 0.00022509260327499642
  sentence_emb: 3
  survival_intermediate_size: 24
  token_emb: 4
  transformer_hidden_size: 8
  transformer_intermediate_size: 64
  transformer_num_attention_heads: 2
  transformer_num_hidden_layers: 2
  weight_decay: 0.0036565658334669474
value: 0.6944059698860455
