name: optuna
solutions:
- params:
    learning_rate: 0.006054905658827877
    weight_decay: 0.01717246994625571
    transformer_hidden_size: 8
    transformer_intermediate_size: 32
    transformer_num_attention_heads: 2
    transformer_num_hidden_layers: 2
    survival_intermediate_size: 24
    token_emb: 3
    sentence_emb: 3
  values:
  - 0.8589139667546405
  - 0.0816872591849125
- params:
    learning_rate: 0.001743591310358573
    weight_decay: 0.01005665613306793
    transformer_hidden_size: 16
    transformer_intermediate_size: 64
    transformer_num_attention_heads: 2
    transformer_num_hidden_layers: 4
    survival_intermediate_size: 16
    token_emb: 4
    sentence_emb: 3
  values:
  - 0.8591312268395737
  - 0.08179468421394101
