name: optuna
solutions:
- params:
    learning_rate: 0.0003254952076943443
    weight_decay: 0.005260770980317967
    transformer_hidden_size: 32
    transformer_intermediate_size: 32
    transformer_num_attention_heads: 2
    transformer_num_hidden_layers: 4
    survival_intermediate_size: 8
    token_emb: 5
    sentence_emb: 3
  values:
  - 0.6649174694001074
  - 0.18646016430797174
