t0,t1,t2,t3,t4,id
0.0,0.076770104,0.08959614,0.10676259,0.10468409,121
0.0,0.07129009,0.086826816,0.103970416,0.10285825,1625
0.0,0.115589924,0.10856858,0.1254127,0.11667658,1559
0.0,0.015557826,0.056571607,0.051808137,0.05000713,1777
0.0,0.042604957,0.068653874,0.08776992,0.09286884,2001
0.0,0.04488128,0.07059139,0.08939567,0.09381474,1204
0.0,0.09470682,0.09864552,0.115335345,0.11005411,1948
0.0,0.10616693,0.10413103,0.12068339,0.11352322,979
0.0,0.10282921,0.1025676,0.118943505,0.11235953,3644
0.0,0.036829162,0.063627884,0.08327553,0.09012635,2442
0.0,0.036405325,0.063203394,0.08285612,0.08993156,4019
0.0,0.040652,0.06708989,0.086400256,0.092018284,2391
0.0,0.084832594,0.09369241,0.110683955,0.10716201,3196
0.0,0.224052,0.20857944,0.22681426,0.21283738,2116
0.0,0.019533886,0.03856825,0.058113646,0.072731584,4064
0.0,0.039845757,0.066386245,0.08571631,0.091610365,1425
0.0,0.12735897,0.114357926,0.13153078,0.120903656,1566
0.0,0.16828923,0.14636716,0.17360358,0.15784393,3795
0.0,0.038195293,0.0649282,0.08445262,0.09087925,509
0.0,0.17081332,0.14996172,0.1787709,0.16299388,4670
0.0,0.06246923,0.08184455,0.099697754,0.100266755,2482
0.0,0.16475551,0.1416453,0.16683865,0.15118375,888
0.0,0.032914262,0.05897071,0.079370946,0.0881959,870
0.0,0.10904715,0.10551311,0.12208775,0.114443205,1408
0.0,0.025527986,0.04599012,0.06873901,0.08325216,1280
0.0,0.06041423,0.08056584,0.09858136,0.09962028,1876
0.0,0.11018513,0.105977274,0.122453585,0.11466846,2584
0.0,0.14016746,0.121060625,0.13926722,0.12664565,3319
0.0,0.030216755,0.05487576,0.07604981,0.08658874,2851
0.0,0.1546128,0.13074848,0.15168938,0.13702299,1118
0.0,0.05609903,0.078022584,0.096334435,0.09818853,2229
0.0,0.0774442,0.090014465,0.10708276,0.104858965,4182
0.0,0.06445855,0.08296013,0.10058363,0.10080266,4855
0.0,0.07621033,0.08931435,0.10646073,0.104477726,516
0.0,0.063493416,0.08237505,0.100197725,0.100598514,3835
0.0,0.04322336,0.06913391,0.08817428,0.09311412,4143
0.0,0.057598133,0.07884666,0.096908055,0.09853135,1663
0.0,0.08520378,0.09400856,0.11090111,0.107250586,2795
0.0,0.17691556,0.15913945,0.19100818,0.17548075,2910
0.0,0.067655236,0.084740385,0.10216675,0.10178017,4257
0.0,0.023791194,0.042847224,0.06575477,0.081448056,1197
0.0,0.033460062,0.06017394,0.08036818,0.088474944,2683
0.0,0.021575503,0.039693505,0.061490744,0.07773519,3675
0.0,0.11934361,0.11038307,0.12722011,0.11789915,2406
0.0,0.06987209,0.08601661,0.103572175,0.1026883,4660
0.0,0.17578039,0.15685117,0.18789199,0.1722186,4365
0.0,0.06963706,0.08588031,0.10323753,0.10243977,2564
0.0,0.016906073,0.043024693,0.053645685,0.06104404,4922
0.0,0.01650267,0.042928997,0.053537894,0.06034106,3802
0.0,0.031031255,0.056515504,0.07734975,0.08699064,1355
0.0,0.051425595,0.074949935,0.09340591,0.09636204,94
0.0,0.14106718,0.12150264,0.13981467,0.12704794,4501
0.0,0.04630316,0.071485445,0.090334184,0.09443861,1056
0.0,0.035318714,0.06208391,0.08197097,0.08945377,3468
0.0,0.12929004,0.11536105,0.13263701,0.121693805,4460
0.0,0.12058439,0.111074045,0.1280617,0.11849548,1602
0.0,0.04665604,0.07178528,0.09050417,0.09453015,986
0.0,0.08648532,0.0945872,0.11131617,0.1074961,2026
0.0,0.05766734,0.078981176,0.0970434,0.09860738,2566
0.0,0.05008004,0.07415229,0.092721514,0.09589783,4536
0.0,0.11994986,0.11068118,0.12730639,0.117912404,3669
0.0,0.11234887,0.10697394,0.12357979,0.115425624,3365
0.0,0.15658271,0.13242401,0.15404172,0.13909277,231
0.0,0.107677236,0.10489846,0.12147624,0.114054635,4263
0.0,0.261147,0.23845193,0.22890067,0.21351866,2716
0.0,0.0909489,0.09679866,0.11359771,0.10899841,4895
0.0,0.05432256,0.076993525,0.095146425,0.09735168,2106
0.0,0.10398052,0.10308603,0.11985575,0.113006875,410
0.0,0.094122924,0.09836594,0.11511097,0.10993771,4578
0.0,0.021051189,0.039386638,0.06069912,0.07654895,4714
0.0,0.124649584,0.11301197,0.13001518,0.119835556,3671
0.0,0.06954254,0.08582014,0.10330484,0.10251293,7
0.0,0.09914948,0.1007464,0.11739841,0.111402236,2657
0.0,0.21048711,0.19689903,0.22309461,0.20910434,425
0.0,0.027005363,0.048969373,0.07126478,0.084347,177
0.0,0.017953273,0.038404103,0.05587562,0.06839562,1951
0.0,0.1772541,0.15950225,0.19134839,0.17579408,101
0.0,0.039739788,0.066312954,0.08562484,0.09151279,2125
0.0,0.0707991,0.08641316,0.103866525,0.10289084,1957
0.0,0.21152675,0.1974672,0.22316854,0.2092677,2928
0.0,0.053023294,0.07595624,0.094412796,0.097042,720
0.0,0.13241273,0.116840035,0.13447508,0.12304394,37
0.0,0.1324854,0.116952136,0.13446029,0.12303993,1226
0.0,0.0565867,0.07828949,0.09633021,0.09816302,4866
0.0,0.020948114,0.03901995,0.060942877,0.076949045,2350
0.0,0.11518556,0.10841307,0.12487688,0.11626946,2758
0.0,0.24308853,0.22377163,0.22855358,0.21408431,1752
0.0,0.1224095,0.11202974,0.12892984,0.1190922,1324
0.0,0.10054374,0.10146108,0.117925644,0.11171497,3393
0.0,0.015755339,0.05101198,0.052313067,0.05322993,2559
0.0,0.1353384,0.11843386,0.13608539,0.12423781,3906
0.0,0.17221269,0.15214571,0.18161702,0.16586831,2733
0.0,0.031521257,0.057010517,0.07770972,0.087304324,2515
0.0,0.17201719,0.15216404,0.18181431,0.16606724,3151
0.0,0.053361267,0.07627329,0.09462299,0.09710106,1683
0.0,0.053105257,0.07609522,0.09457158,0.09710214,1357
0.0,0.01741581,0.040048495,0.0547593,0.06509318,1990
0.0,0.04432948,0.06999247,0.08889823,0.09354456,2371
0.0,0.15730648,0.13334721,0.15525389,0.1402288,3429
0.0,0.16533001,0.14155942,0.16673906,0.15101086,2666
0.0,0.01683891,0.042752996,0.053762387,0.061190497,2103
0.0,0.15422963,0.1305447,0.15141279,0.13677026,1186
0.0,0.088969775,0.09585937,0.11292265,0.10858537,623
0.0,0.05884764,0.079725005,0.097672515,0.09898882,3027
0.0,0.020765519,0.038584195,0.060241282,0.07652907,1275
0.0,0.15380654,0.13027851,0.1509638,0.13638373,1850
0.0,0.018515958,0.038716204,0.056454554,0.069504954,3771
0.0,0.09672291,0.099609055,0.116157174,0.110571146,2483
0.0,0.018433219,0.038254157,0.056546934,0.06987531,315
0.0,0.11916479,0.11029104,0.12714589,0.11784861,2602
0.0,0.05630605,0.07807186,0.0961442,0.09806414,2030
0.0,0.17052768,0.14908999,0.17732199,0.16153763,3089
0.0,0.022056745,0.040117092,0.06268334,0.079040766,1453
0.0,0.13023236,0.11576471,0.13311297,0.12203362,4709
0.0,0.048981745,0.073382266,0.09207787,0.09554782,4791
0.0,0.015479538,0.05904791,0.051619094,0.04875969,1941
0.0,0.14060453,0.12147181,0.13983396,0.12711293,1608
0.0,0.16352424,0.1399945,0.16454661,0.14895102,4510
0.0,0.13583523,0.118815854,0.13669051,0.12470052,3550
0.0,0.15007858,0.12741458,0.14729415,0.13315971,3918
0.0,0.08118067,0.09191902,0.10893587,0.10601705,169
0.0,0.13134295,0.1163534,0.13391593,0.12263181,571
0.0,0.0635036,0.082535766,0.100421056,0.100685604,1265
0.0,0.025962263,0.046937708,0.06967019,0.083678424,1981
0.0,0.038911145,0.06562327,0.0850735,0.09120227,4923
0.0,0.032784715,0.058939576,0.079343304,0.08798467,1211
0.0,0.018448433,0.038513426,0.05641692,0.069556445,2044
0.0,0.06084507,0.08082273,0.09882318,0.09975537,3718
0.0,0.09677583,0.09972958,0.116247706,0.11063283,2298
0.0,0.029351816,0.05334748,0.07482893,0.08606201,1849
0.0,0.11509196,0.10845682,0.12504078,0.1163951,3193
0.0,0.022485191,0.040828593,0.064090095,0.08013484,4519
0.0,0.14567718,0.12463612,0.14379455,0.13030006,2835
0.0,0.06957568,0.08588075,0.10330215,0.10246936,4196
0.0,0.057481088,0.07881395,0.09680169,0.09844157,4939
0.0,0.08888764,0.09586328,0.112607844,0.10833317,1999
0.0,0.04462628,0.07016929,0.08904011,0.09362988,3211
0.0,0.094364636,0.0985401,0.11507516,0.10986413,3979
0.0,0.1802856,0.16398865,0.1970154,0.18164912,2059
0.0,0.051952902,0.07543481,0.09389689,0.09662778,3849
0.0,0.03816064,0.06499891,0.08446083,0.090781815,1007
0.0,0.13565226,0.118826434,0.13681881,0.12480712,3343
0.0,0.10066663,0.10156705,0.11814101,0.11187465,4562
0.0,0.033512402,0.059823886,0.08003009,0.08831071,1421
0.0,0.021151451,0.03934492,0.061027776,0.07700755,1498
0.0,0.04412852,0.06985452,0.08884685,0.0935046,3847
0.0,0.016199745,0.04481711,0.053136114,0.0582124,933
0.0,0.030783912,0.05592556,0.07685676,0.08680987,1954
0.0,0.22464122,0.20906286,0.22669442,0.21266247,4809
0.0,0.16275686,0.13918695,0.16339234,0.14786263,4765
0.0,0.0786133,0.090552956,0.10768151,0.10526592,2091
0.0,0.04284974,0.06891595,0.087882705,0.092877865,3966
0.0,0.051329684,0.07495127,0.09352589,0.09645211,2004
0.0,0.042054642,0.0682333,0.087416515,0.09263122,2705
0.0,0.10971747,0.10591819,0.12273293,0.11489835,3947
0.0,0.03424117,0.06073704,0.080778085,0.0888186,1780
0.0,0.096823655,0.09965869,0.11605899,0.110488325,3245
0.0,0.110180974,0.10607495,0.122698985,0.11485616,734
0.0,0.018070003,0.039495625,0.05550388,0.06728328,369
0.0,0.16873693,0.1466844,0.17395826,0.1581378,3626
0.0,0.06467211,0.083108135,0.10073906,0.100888014,3530
0.0,0.2338122,0.2163187,0.22778212,0.21361014,2207
0.0,0.09859983,0.10050569,0.11717005,0.11125068,386
0.0,0.024201443,0.043531105,0.06652044,0.081978984,4915
0.0,0.024938188,0.044931427,0.06776509,0.082681194,2104
0.0,0.045132793,0.07058351,0.08937812,0.093844905,2574
0.0,0.16588135,0.14257419,0.16824782,0.15251146,4795
0.0,0.112716906,0.1072826,0.123878635,0.11561733,4440
0.0,0.060431287,0.08068737,0.09846955,0.09944459,2895
0.0,0.026044264,0.04716801,0.06991288,0.083738506,4653
0.0,0.01860489,0.039085183,0.056216914,0.0691497,845
0.0,0.04133498,0.067655794,0.08684649,0.09228268,3045
0.0,0.111289084,0.10661504,0.123313,0.115265235,4988
0.0,0.17369476,0.15395811,0.18402682,0.16829063,708
0.0,0.075519815,0.08901459,0.10623618,0.10433618,2785
0.0,0.15826255,0.13474609,0.15723751,0.14211668,418
0.0,0.07339523,0.08790007,0.10520862,0.10369449,4957
0.0,0.061072636,0.08103898,0.098660424,0.09951118,4857
0.0,0.037704654,0.06448671,0.084031954,0.09055873,2313
0.0,0.09892502,0.10062459,0.117170796,0.11123479,1609
0.0,0.16024756,0.13577904,0.15852416,0.1432059,3711
0.0,0.076134436,0.089327864,0.10656597,0.10456749,3241
0.0,0.09121033,0.09695663,0.113806255,0.10910968,491
0.0,0.07719572,0.08989647,0.10711939,0.104898795,1386
0.0,0.04937124,0.07360612,0.092197575,0.095610775,186
0.0,0.01740222,0.040029712,0.054857478,0.06514758,277
0.0,0.05807113,0.07919508,0.09725022,0.09874909,3597
0.0,0.18174882,0.16580914,0.19902469,0.18377766,1765
0.0,0.045704767,0.07101021,0.0897632,0.094079845,2138
0.0,0.11867379,0.11012694,0.12689686,0.1176671,210
0.0,0.07300567,0.08765875,0.10494247,0.103539504,3629
0.0,0.019107565,0.0381253,0.0572536,0.071783505,3572
0.0,0.039701525,0.06622325,0.08555195,0.09150844,857
0.0,0.097666785,0.100102715,0.11662799,0.1108675,2078
0.0,0.018754771,0.03828674,0.05689149,0.07068848,3665
0.0,0.037164036,0.06392885,0.08351044,0.090274826,4416
0.0,0.1514092,0.12838982,0.14853743,0.13425872,754
0.0,0.0417182,0.067961685,0.087074675,0.092384204,4507
0.0,0.07771104,0.090135284,0.107301235,0.105019435,409
0.0,0.08107009,0.09184431,0.108814746,0.10595101,3268
0.0,0.09273141,0.09768008,0.114270836,0.109363824,731
0.0,0.016366288,0.045432437,0.05310571,0.05803963,3902
0.0,0.07753345,0.09003244,0.10716577,0.10492874,3969
0.0,0.23145583,0.21462691,0.22778895,0.21362132,853
0.0,0.14865415,0.12633619,0.14583926,0.13196255,2686
0.0,0.115213595,0.10844195,0.1252498,0.11656073,4343
0.0,0.018201703,0.03944669,0.055825792,0.06779906,4506
0.0,0.088462725,0.095609255,0.11238381,0.10817923,2960
0.0,0.035822716,0.06250283,0.08229963,0.08961641,1994
0.0,0.06097832,0.08096895,0.09876919,0.09965686,2606
0.0,0.021613417,0.039743684,0.061844245,0.078019165,996
0.0,0.02877759,0.052374385,0.07405543,0.085598566,248
0.0,0.033368174,0.059737988,0.079959325,0.08823912,173
0.0,0.07772031,0.09017101,0.10728131,0.10497789,4096
0.0,0.17405081,0.1547958,0.18528293,0.16952671,648
0.0,0.048382908,0.07300301,0.09158164,0.09519391,471
0.0,0.041302495,0.06762883,0.086790964,0.09224855,1678
0.0,0.0485,0.07305443,0.09176894,0.09531594,616
0.0,0.018741317,0.038337335,0.0568068,0.07054529,4005
0.0,0.04585155,0.07115321,0.090015665,0.09423337,4797
0.0,0.092219315,0.097479835,0.11402985,0.1092078,3323
0.0,0.03467525,0.061344218,0.08130245,0.08909551,3384
0.0,0.17308936,0.153114,0.18294764,0.16716509,3486
0.0,0.17432162,0.15517293,0.18571092,0.17004345,905
0.0,0.11859702,0.109959505,0.12657014,0.11743816,3663
0.0,0.0721569,0.08727756,0.10465436,0.103333004,1739
0.0,0.1437674,0.12322121,0.14196537,0.12875368,1478
0.0,0.16025436,0.13609506,0.15911129,0.14378248,567
0.0,0.19372103,0.18079077,0.21401589,0.19956139,1620
0.0,0.018158624,0.0390141,0.055894,0.06816414,871
0.0,0.04396517,0.06974202,0.08863217,0.093371056,1695
0.0,0.14035146,0.121221356,0.13946436,0.1268054,3247
0.0,0.20862259,0.19507684,0.22221442,0.2082189,711
0.0,0.01852801,0.038930062,0.056226604,0.06915182,3895
0.0,0.09799216,0.10024281,0.116856895,0.11104855,727
0.0,0.08030416,0.09145948,0.10830888,0.10559056,466
0.0,0.036171153,0.062935896,0.082671314,0.08975951,4404
0.0,0.08307084,0.0928998,0.1097555,0.10652139,1535
0.0,0.07120805,0.08669489,0.104113944,0.10302302,1356
0.0,0.038753588,0.065284505,0.0847429,0.09107222,4339
0.0,0.028296791,0.051594187,0.07360301,0.08539676,4983
0.0,0.16338606,0.1396257,0.16401051,0.14841412,3507
0.0,0.18424259,0.16954795,0.20342955,0.18843222,935
0.0,0.040430605,0.06690661,0.08610882,0.09178004,4841
0.0,0.13645457,0.119062364,0.13687786,0.12483416,3997
0.0,0.16942024,0.14756778,0.17533192,0.15948984,1476
0.0,0.1046536,0.10346899,0.12005813,0.11311547,4699
0.0,0.04843515,0.073126234,0.0918567,0.09534043,3660
0.0,0.13559087,0.11863207,0.13637957,0.124423295,3495
0.0,0.09185344,0.09722805,0.11403389,0.10926209,4399
0.0,0.034446083,0.061084975,0.081072174,0.08883441,4719
0.0,0.09240236,0.09748005,0.11425744,0.10940133,3957
0.0,0.04508972,0.07050652,0.08947601,0.09397915,842
0.0,0.11412632,0.107854895,0.12472441,0.11623508,175
0.0,0.05151754,0.075062305,0.09346259,0.09638434,4793
0.0,0.040868305,0.06722967,0.08648325,0.092095815,2253
0.0,0.16488178,0.14144291,0.16663927,0.1509556,2827
0.0,0.017949643,0.039276153,0.05543373,0.067219414,4735
0.0,0.14557865,0.12441246,0.14337943,0.12989554,3096
0.0,0.19458023,0.18179733,0.21460287,0.20018591,1166
0.0,0.020777429,0.038382765,0.060778767,0.077180706,2289
0.0,0.11806824,0.1097728,0.1264609,0.117356434,4137
0.0,0.040272947,0.06670813,0.08603871,0.09186672,1536
0.0,0.07534084,0.08884249,0.10607934,0.10426798,938
0.0,0.15138675,0.12843281,0.1486111,0.13431656,2375
0.0,0.020193586,0.03842441,0.059268363,0.07494009,2201
0.0,0.06361211,0.08245256,0.1001973,0.10059398,3638
0.0,0.13184701,0.116689414,0.13398236,0.12265712,4893
0.0,0.0974143,0.09995085,0.11659043,0.11086654,3564
0.0,0.0768147,0.0897024,0.106649436,0.10455289,3692
0.0,0.16516185,0.14170179,0.16712947,0.15142067,2065
0.0,0.14460696,0.12385819,0.14283527,0.12948287,47
0.0,0.05530008,0.077463396,0.095618136,0.09773738,4256
0.0,0.027707465,0.0506425,0.072985835,0.08513809,1664
0.0,0.15504707,0.13136417,0.15252519,0.137752,2082
0.0,0.22068155,0.2054219,0.22566178,0.21173446,352
0.0,0.027053516,0.04892964,0.07154393,0.08479131,56
0.0,0.05743213,0.07880337,0.09697784,0.09861441,2094
0.0,0.14595939,0.12455234,0.14354384,0.1300623,1097
0.0,0.064450055,0.08291515,0.10070103,0.10091992,785
0.0,0.06295325,0.08203148,0.099797234,0.10034957,3280
0.0,0.03330868,0.059744388,0.07998706,0.08832021,2247
0.0,0.060831156,0.08079678,0.09871919,0.09969063,266
0.0,0.047416337,0.07228887,0.09107745,0.09489146,2188
0.0,0.112448595,0.10718729,0.12386083,0.11562986,3929
0.0,0.16019545,0.13601297,0.15888697,0.14356181,770
0.0,0.09112055,0.09688111,0.113478,0.1088682,2608
0.0,0.030922962,0.056144785,0.07704176,0.086922765,2345
0.0,0.14513737,0.12391939,0.14282152,0.12940003,4897
0.0,0.077065155,0.089820094,0.106941916,0.10476547,854
0.0,0.1448875,0.12373401,0.14253265,0.1291943,788
0.0,0.02423833,0.04358851,0.0663125,0.081846304,608
0.0,0.15002114,0.12792054,0.14793995,0.13384347,3274
0.0,0.026091883,0.04711968,0.0696445,0.0836725,1083
0.0,0.09022863,0.09646477,0.11301229,0.108554356,3604
0.0,0.15703632,0.13324809,0.155161,0.1401518,1611
0.0,0.020549491,0.038067006,0.06035711,0.07684727,2857
0.0,0.06962105,0.085852526,0.10328065,0.10248001,3267
0.0,0.07551131,0.08904872,0.10637509,0.10443144,83
0.0,0.03151005,0.05717896,0.07784052,0.08730137,952
0.0,0.017078124,0.041850366,0.054103836,0.06253463,1755
0.0,0.0732891,0.08783827,0.10507341,0.10358766,4310
0.0,0.07780501,0.09021262,0.107219644,0.10490576,288
0.0,0.030286727,0.055320717,0.07641322,0.08650774,1409
0.0,0.07926722,0.090969265,0.10810936,0.10553252,1860
0.0,0.047969963,0.07262384,0.091412045,0.095139496,3825
0.0,0.13474432,0.11812237,0.13588133,0.12407271,2812
0.0,0.12988746,0.115638666,0.13286959,0.12185676,4674
0.0,0.14482541,0.12403997,0.14296052,0.12961902,1505
0.0,0.12693088,0.11428902,0.13154468,0.12093314,4313
0.0,0.01601898,0.047435097,0.05271676,0.055949006,3573
0.0,0.015598551,0.05344523,0.052212715,0.05173796,4415
0.0,0.080416255,0.091519855,0.10856762,0.105805166,2067
0.0,0.09711155,0.09978946,0.1162528,0.11061117,4175
0.0,0.022851234,0.04085663,0.06441373,0.08096818,1943
0.0,0.020879937,0.03906466,0.06055977,0.07647926,2703
0.0,0.034011673,0.06064549,0.08074542,0.08867079,555
0.0,0.070853405,0.08647034,0.10390854,0.10290084,2990
0.0,0.105928056,0.104055084,0.12066015,0.11352078,1032
0.0,0.14665392,0.12510727,0.14425315,0.13063425,2225
0.0,0.037998147,0.06464653,0.08415261,0.09066141,3519
0.0,0.016329933,0.04487387,0.05322338,0.0584309,548
0.0,0.10507642,0.10356143,0.12025147,0.11324725,1403
0.0,0.13579954,0.11863281,0.13637282,0.12445572,1810
0.0,0.1823649,0.16759062,0.20169164,0.1864779,2786
0.0,0.01692975,0.042668242,0.053829037,0.061460365,2199
0.0,0.058051217,0.079113245,0.09729003,0.09883452,4662
0.0,0.09871119,0.10058858,0.117185846,0.111236826,1023
0.0,0.15096176,0.12807031,0.14813486,0.1338782,3353
0.0,0.08316079,0.09294207,0.10995833,0.1066803,1002
0.0,0.11871772,0.110028274,0.12685579,0.117655754,3269
0.0,0.111570396,0.106658325,0.12323123,0.11518662,1300
0.0,0.14867172,0.12663558,0.1462853,0.13238224,1046
0.0,0.11070562,0.106303394,0.123045094,0.115096845,4777
0.0,0.03666496,0.063500576,0.08317198,0.09006523,572
0.0,0.044424124,0.07000559,0.08898547,0.093640305,809
0.0,0.03231057,0.05820846,0.07871974,0.087730505,3704
0.0,0.10008341,0.10117507,0.11769677,0.11156838,3068
0.0,0.1749315,0.15595461,0.18682836,0.17120485,2299
0.0,0.1361888,0.11890053,0.1367082,0.12469589,1807
0.0,0.025457911,0.045876376,0.06852966,0.083104186,3270
0.0,0.02577791,0.046689264,0.06906092,0.083237246,4255
0.0,0.08859999,0.09567934,0.112655245,0.10838088,2745
0.0,0.03065906,0.055683736,0.07661377,0.08664821,3556
0.0,0.083256766,0.09302201,0.109920844,0.10664054,3652
0.0,0.05562476,0.07769019,0.09589934,0.097934656,227
0.0,0.19858867,0.18541148,0.21677297,0.20254442,3904
0.0,0.044438835,0.07018597,0.08913302,0.09370619,3726
0.0,0.046339467,0.07145836,0.09030325,0.09446139,1726
0.0,0.070518635,0.0863493,0.10386523,0.10286255,3346
0.0,0.057368644,0.07874685,0.09681576,0.09848003,4402
0.0,0.1266798,0.11422214,0.13140681,0.120842285,4042
0.0,0.038042676,0.06478765,0.084270194,0.09073947,2594
0.0,0.016493171,0.04411483,0.053340584,0.059315663,1587
0.0,0.043702062,0.06954788,0.08859649,0.09335586,4707
0.0,0.040761188,0.0671677,0.08637391,0.0919649,309
0.0,0.14449306,0.12378426,0.14264955,0.12933351,3048
0.0,0.062116623,0.081590235,0.09950999,0.100174434,3505
0.0,0.025006903,0.045067728,0.068005234,0.082794555,416
0.0,0.05860101,0.079579696,0.0976817,0.09899995,4838
0.0,0.03638245,0.06317541,0.08290835,0.08997034,1001
0.0,0.034423392,0.060913827,0.08093003,0.08882733,363
0.0,0.21627721,0.20168132,0.22468464,0.2108753,2913
0.0,0.118101284,0.10980015,0.12677094,0.11759609,699
0.0,0.112046994,0.10688824,0.123447664,0.115335666,1196
0.0,0.07853307,0.09052029,0.107679054,0.10526099,264
0.0,0.07629516,0.089396544,0.10664997,0.10461945,2209
0.0,0.18425766,0.16961615,0.20355783,0.18849975,4229
0.0,0.08196657,0.092313886,0.10938702,0.10632323,3304
0.0,0.043397903,0.06939363,0.088396594,0.09318602,4252
0.0,0.083573386,0.09312509,0.10996111,0.10665511,317
0.0,0.016273638,0.046386585,0.052849855,0.057100933,4860
0.0,0.04727308,0.07215202,0.09087076,0.094758965,2132
0.0,0.06719589,0.08450181,0.10200001,0.10168929,2055
0.0,0.1125271,0.10711597,0.12387104,0.11565216,1873
0.0,0.026698293,0.048622757,0.07100499,0.08403787,2320
0.0,0.15513496,0.13115528,0.15232283,0.13754809,4454
0.0,0.015893327,0.049824774,0.052463863,0.054194063,2694
0.0,0.1486261,0.1263551,0.14589779,0.1319473,2632
0.0,0.070042595,0.08605402,0.103415355,0.1025649,2925
0.0,0.20576964,0.19245274,0.22099699,0.20694467,4836
0.0,0.08211066,0.09235997,0.10942847,0.106365986,3228
0.0,0.025657428,0.04625183,0.06918107,0.08348018,3544
0.0,0.08077324,0.09177307,0.10863617,0.10579208,2902
0.0,0.0550889,0.077362336,0.09564577,0.09774841,257
0.0,0.07066348,0.08637434,0.10373897,0.1027921,3481
0.0,0.089321434,0.09605714,0.11265322,0.108330175,3901
0.0,0.14333719,0.122857034,0.14142376,0.12828802,3770
0.0,0.023132697,0.041645136,0.06434141,0.08055935,1568
0.0,0.13967972,0.120777205,0.13901912,0.12644252,4360
0.0,0.11860317,0.110039376,0.12667865,0.117494546,3819
0.0,0.11457035,0.10819656,0.124899924,0.116320185,1694
0.0,0.13783571,0.119741544,0.13769881,0.12542164,2037
0.0,0.09257494,0.09747713,0.11405038,0.109236225,1161
0.0,0.036814112,0.063610874,0.08327574,0.09012723,565
0.0,0.021155886,0.03902786,0.061076786,0.0774047,2746
0.0,0.18878366,0.17519796,0.20913647,0.19438776,3900
0.0,0.077679165,0.09016829,0.10729855,0.10498155,158
0.0,0.07858002,0.09057985,0.107696176,0.10526571,4768
0.0,0.0160591,0.046170328,0.05286851,0.05692944,4641
0.0,0.027554283,0.04992968,0.07216289,0.08492853,4580
0.0,0.04085812,0.06731003,0.08646258,0.092003725,4729
0.0,0.10162403,0.10201562,0.118484996,0.112077266,798
0.0,0.1562101,0.13237514,0.15385346,0.13897741,1431
0.0,0.036933716,0.063681126,0.08328814,0.0901159,2249
0.0,0.08227405,0.09244562,0.1093043,0.10623436,1073
0.0,0.117892906,0.109631576,0.12640889,0.11733301,2831
0.0,0.16814475,0.14607085,0.17350225,0.1577178,1630
0.0,0.05647213,0.0782078,0.09636973,0.09822364,3046
0.0,0.09701116,0.09980403,0.11650895,0.11080069,4378
0.0,0.20491137,0.19200402,0.22099565,0.20693006,4634
0.0,0.077187,0.08990409,0.10690142,0.10472038,44
0.0,0.028162472,0.05123455,0.073160246,0.08526727,3897
0.0,0.15144855,0.1286236,0.14877354,0.13449539,4275
0.0,0.03584066,0.062750734,0.0825486,0.08983262,823
0.0,0.066687055,0.08418297,0.101868026,0.10165644,4364
0.0,0.12879957,0.115110755,0.13241334,0.12151763,193
0.0,0.031070432,0.05637467,0.07722463,0.086918294,2858
0.0,0.01623892,0.04470323,0.053178277,0.058382772,4854
0.0,0.16284195,0.13904609,0.16321677,0.1476952,2224
0.0,0.1618661,0.13753645,0.16110972,0.14561485,252
0.0,0.031348668,0.056742374,0.07752054,0.08718677,3490
0.0,0.0354836,0.06231445,0.082067065,0.08935904,1921
0.0,0.12359317,0.11249142,0.12953837,0.119491085,2500
0.0,0.15402035,0.13035123,0.15108977,0.13646996,1789
0.0,0.031876385,0.057669703,0.07826292,0.08743246,1343
0.0,0.040292297,0.066849194,0.086074255,0.09178525,3840
0.0,0.15644173,0.13228731,0.15371189,0.13879606,1634
0.0,0.0751814,0.08887826,0.10631797,0.10440878,1168
0.0,0.030950356,0.056274157,0.077167355,0.08680649,4541
0.0,0.2116923,0.1977873,0.22328106,0.20933054,790
0.0,0.0799854,0.09128758,0.10839671,0.10571048,3775
0.0,0.20789361,0.1949556,0.22245723,0.2083552,4150
0.0,0.030803332,0.055942133,0.07687641,0.08684015,2692
0.0,0.07306717,0.08776042,0.1049648,0.10348629,2917
0.0,0.109259106,0.10562691,0.122198306,0.11451337,2171
0.0,0.066455625,0.084123135,0.10155618,0.10135735,1825
0.0,0.08772155,0.09529134,0.11213726,0.10803457,1149
0.0,0.09048098,0.09663157,0.11353504,0.10894368,1888
0.0,0.034618713,0.06142393,0.08132992,0.088855244,4572
0.0,0.16009094,0.13600995,0.15896446,0.14362946,2352
0.0,0.027122088,0.049003992,0.07129442,0.08459492,2939
0.0,0.023316607,0.04131599,0.06479658,0.08162528,3659
0.0,0.019589879,0.038202066,0.05818945,0.073258415,2864
0.0,0.059967153,0.08027148,0.09823154,0.099376164,4338
0.0,0.040091213,0.066753075,0.08593052,0.09163843,2380
0.0,0.1706324,0.14909442,0.17736083,0.1615075,3438
0.0,0.03407078,0.06060005,0.08067296,0.08868748,4959
0.0,0.2102461,0.19701405,0.22339548,0.20934032,4628
0.0,0.019522194,0.038421884,0.058028493,0.07278966,603
0.0,0.07234665,0.08725724,0.10446461,0.10322076,131
0.0,0.07222999,0.08724741,0.10444432,0.10319055,1802
0.0,0.098184966,0.10029802,0.11680779,0.11099659,1531
0.0,0.027626876,0.05013605,0.072208256,0.08491287,2449
0.0,0.13925003,0.12048558,0.13862734,0.12613256,3397
0.0,0.18890329,0.1749449,0.2087032,0.19399668,2662
0.0,0.04916584,0.0734629,0.092064284,0.095532656,501
0.0,0.034337237,0.060789093,0.08085142,0.088839434,3394
0.0,0.1463372,0.12484658,0.14401424,0.13041256,4774
0.0,0.04993501,0.0739909,0.09245659,0.09574511,526
0.0,0.07494718,0.088711366,0.105849236,0.10405712,1402
0.0,0.06322745,0.08224111,0.09996476,0.10042742,1198
0.0,0.13274224,0.11705649,0.13453928,0.123065434,4148
0.0,0.123141326,0.11231255,0.12941763,0.119419776,4920
0.0,0.020716479,0.03900447,0.060160805,0.07594508,4582
0.0,0.016706444,0.043332953,0.053572807,0.060414344,449
0.0,0.09020555,0.09650807,0.11309183,0.10859468,676
0.0,0.046892893,0.071838535,0.090628415,0.09465921,4685
0.0,0.037391435,0.06424493,0.083800666,0.090446785,1412
0.0,0.02679718,0.048653755,0.07106272,0.08425211,1390
0.0,0.11307597,0.10746762,0.124006584,0.115705885,858
0.0,0.120629504,0.110951036,0.12762216,0.118148424,2874
0.0,0.049884655,0.07398669,0.09257581,0.095838584,1245
0.0,0.031422835,0.05710003,0.07793139,0.087457575,4381
0.0,0.104309,0.10320248,0.11984973,0.11299324,1370
0.0,0.17222002,0.15145643,0.18051046,0.16470647,3055
0.0,0.034967106,0.061612032,0.08152431,0.08913869,1735
0.0,0.17860818,0.16169807,0.19429256,0.17887348,4304
0.0,0.039354894,0.06595991,0.08537049,0.091394424,1819
0.0,0.061137903,0.081067234,0.09896831,0.09980866,2852
0.0,0.03963255,0.066204175,0.08564584,0.09159851,1950
0.0,0.08486369,0.09379356,0.11057702,0.107027076,1748
0.0,0.18223298,0.16675632,0.2002589,0.18509105,4147
0.0,0.1822141,0.16686366,0.20038292,0.1852125,3156
0.0,0.058845166,0.079678774,0.0977323,0.099043034,217
0.0,0.0282757,0.051759012,0.073676,0.085279204,4121
0.0,0.1412829,0.12199785,0.1404504,0.12759666,4389
0.0,0.07268736,0.08756287,0.10488377,0.10347834,2219
0.0,0.051985268,0.075397,0.0938551,0.09663904,4898
0.0,0.029616756,0.054082718,0.07542552,0.08608235,333
0.0,0.015472495,0.06322074,0.051321074,0.04707999,3841
0.0,0.024920283,0.04507548,0.06777455,0.082489766,215
0.0,0.10805908,0.10497918,0.12141406,0.11397784,1500
0.0,0.017620219,0.040700413,0.054853644,0.064961374,490
0.0,0.05678281,0.078493945,0.09665613,0.09834704,2328
0.0,0.020841878,0.03884372,0.060375627,0.076523,782
0.0,0.050349522,0.07425955,0.09278844,0.095981985,1821
0.0,0.103201084,0.10276683,0.119360425,0.11266515,3561
0.0,0.23665121,0.21873607,0.22809997,0.21378785,3838
0.0,0.019323904,0.038292132,0.057793368,0.072395556,1737
0.0,0.14765397,0.12576135,0.14516005,0.13140012,1721
0.0,0.07217542,0.08719409,0.104560725,0.10330699,1148
0.0,0.029013619,0.053025104,0.07464828,0.08573184,1569
0.0,0.06043028,0.08057728,0.09853016,0.099567294,3800
0.0,0.042403765,0.06855125,0.087616816,0.09275966,1011
0.0,0.017705014,0.04036821,0.055008456,0.06550727,3811
0.0,0.022656865,0.041142225,0.064056665,0.08004516,4436
0.0,0.04243427,0.06869784,0.08776424,0.0927665,3298
0.0,0.18338804,0.16853873,0.20221892,0.1870997,4976
0.0,0.15335464,0.12974393,0.1502178,0.13569245,669
0.0,0.022730166,0.04118238,0.064043805,0.08013869,767
0.0,0.08919452,0.09593715,0.11283363,0.108505696,3177
0.0,0.0955176,0.099052854,0.115798794,0.110379755,3594
0.0,0.13326061,0.11750091,0.1350486,0.12346948,1025
0.0,0.17229578,0.1515764,0.18077454,0.16495577,304
0.0,0.118638955,0.11007601,0.1270073,0.11776417,2677
0.0,0.08062094,0.09164126,0.108602695,0.105807856,2897
0.0,0.08027468,0.09151181,0.10848185,0.105721414,1199
0.0,0.04027764,0.06682544,0.086073816,0.09180788,2148
0.0,0.03858477,0.06529857,0.08472143,0.090975024,2671
0.0,0.016185202,0.046605635,0.052929908,0.05684419,717
0.0,0.037628423,0.06444066,0.08399162,0.09062178,3154
0.0,0.12596294,0.11370316,0.1307943,0.12039374,1466
0.0,0.10460754,0.10338073,0.12007663,0.11316273,265
0.0,0.26055637,0.23788628,0.22872278,0.21337865,3383
0.0,0.047039844,0.07201182,0.09088676,0.094791286,1027
0.0,0.14861922,0.1262406,0.14574726,0.13186298,3750
0.0,0.119782045,0.11067264,0.1272834,0.11790201,1422
0.0,0.1029715,0.10268378,0.119133785,0.1124863,3263
0.0,0.023970328,0.043179408,0.06621455,0.08175524,2867
0.0,0.13848452,0.12022346,0.13835073,0.12593699,1372
0.0,0.024128018,0.04353533,0.06673066,0.08202742,1000
0.0,0.14410734,0.12366428,0.14259663,0.12929581,2314
0.0,0.09741938,0.09992151,0.11647893,0.11079451,3695
0.0,0.091119885,0.096959874,0.11368444,0.1090091,2050
0.0,0.036721036,0.06346186,0.083173074,0.09009357,4805
0.0,0.01987869,0.03835672,0.05876536,0.07405865,4538
0.0,0.017715555,0.04036455,0.055008117,0.06552033,1892
0.0,0.16817819,0.14631814,0.17356679,0.1577798,1059
0.0,0.10123982,0.101799764,0.118424535,0.11206565,1713
0.0,0.044556048,0.07013095,0.0890677,0.09366472,188
0.0,0.22648944,0.21048161,0.22713879,0.2131783,4712
0.0,0.06594529,0.08378444,0.10141874,0.10132751,4684
0.0,0.017559545,0.040101863,0.05484518,0.06536044,4525
0.0,0.07599325,0.08928556,0.10632225,0.10435197,902
0.0,0.17283678,0.15330465,0.18336114,0.16760865,2620
0.0,0.04064444,0.06706704,0.086288944,0.0919636,4970
0.0,0.13732396,0.1195555,0.13751017,0.1252926,1812
0.0,0.015473551,0.062337972,0.05145141,0.047441352,3213
0.0,0.13437764,0.11791473,0.13536984,0.12367544,2809
0.0,0.15167361,0.12858313,0.14875114,0.13441788,3584
0.0,0.08983698,0.096166395,0.11298515,0.10860473,359
0.0,0.123863675,0.112518586,0.12959136,0.11952948,3064
0.0,0.03291403,0.059045773,0.07937469,0.08798697,1523
0.0,0.05762548,0.07893469,0.097165644,0.098741315,3453
0.0,0.18456645,0.17052275,0.20462207,0.18960638,4421
0.0,0.031328913,0.056874935,0.07769637,0.08718546,4453
0.0,0.016633404,0.0435359,0.053461052,0.06005663,609
0.0,0.21400432,0.19984286,0.22412677,0.21021336,376
0.0,0.056240242,0.0780572,0.09615156,0.09804275,1051
0.0,0.09802663,0.10032951,0.116842896,0.11101964,3273
0.0,0.1012144,0.10180643,0.11837932,0.11201641,2822
0.0,0.04384241,0.06953342,0.08856474,0.093420126,3719
0.0,0.033702366,0.06008391,0.08022891,0.08846807,3515
0.0,0.15903981,0.134821,0.15713757,0.14196837,936
0.0,0.057587218,0.07885757,0.09694744,0.09857174,2210
0.0,0.07674361,0.08965978,0.106918775,0.104780704,910
0.0,0.10008977,0.1013232,0.1179267,0.11173416,165
0.0,0.15759663,0.13314353,0.15496458,0.13984764,2237
0.0,0.020771591,0.039038982,0.06021345,0.07604572,2093
0.0,0.07178006,0.08698725,0.10418388,0.10302829,144
0.0,0.07556558,0.088999,0.106216036,0.10432436,2875
0.0,0.030852921,0.05611887,0.07705964,0.08684136,1028
0.0,0.061170984,0.08104481,0.09886919,0.09974652,3061
0.0,0.16876593,0.14673164,0.17397419,0.15819977,2723
0.0,0.041179862,0.06749033,0.08670407,0.09219191,1445
0.0,0.13954431,0.12067367,0.13883944,0.12629418,1975
0.0,0.20684853,0.19370325,0.22180063,0.20771398,1702
0.0,0.05359744,0.076401524,0.09483813,0.097271316,4283
0.0,0.029585741,0.0538531,0.07525537,0.086203314,2747
0.0,0.14524747,0.12416579,0.14312491,0.12972319,1488
0.0,0.028095946,0.05129435,0.07335025,0.085363045,1647
0.0,0.07014318,0.08608771,0.103602156,0.10272821,2848
0.0,0.18293165,0.16765393,0.20116213,0.18597008,637
0.0,0.18533897,0.17064337,0.2044137,0.18940628,4871
0.0,0.07763968,0.09010794,0.10729974,0.10501171,353
0.0,0.1082355,0.10512878,0.12194804,0.11437845,4689
0.0,0.041804522,0.068089426,0.08720906,0.09247974,1133
0.0,0.09546505,0.09896788,0.11560278,0.110251546,400
0.0,0.023137007,0.04200858,0.064895354,0.080565065,1467
0.0,0.15338697,0.1297229,0.1503894,0.13582326,1692
0.0,0.024964582,0.044940434,0.06784963,0.08277886,3999
0.0,0.032184757,0.058210146,0.07865958,0.0876012,1886
0.0,0.02408054,0.043287635,0.06691029,0.082363635,2424
0.0,0.019738913,0.037817378,0.05901903,0.074576035,1846
0.0,0.08537564,0.09408581,0.110828765,0.107183225,35
0.0,0.05494369,0.07727263,0.095450304,0.09760213,79
0.0,0.08849732,0.09559029,0.11242174,0.10823646,4094
0.0,0.08914992,0.09590845,0.11252934,0.10824267,1612
0.0,0.019883832,0.03841053,0.0586869,0.07394938,3673
0.0,0.16786298,0.1466391,0.1741078,0.15842445,3853
0.0,0.032770526,0.058948003,0.07931325,0.087997995,4520
0.0,0.08110329,0.09185442,0.1087817,0.10592184,4682
0.0,0.077145614,0.08982869,0.107010044,0.104846306,3869
0.0,0.097917035,0.100113176,0.116711155,0.110939085,1885
0.0,0.032775488,0.05902049,0.0793313,0.08790564,2680
0.0,0.03590771,0.0626353,0.08238669,0.08957607,2124
0.0,0.028049232,0.051039737,0.073127896,0.085316524,3300
0.0,0.02065354,0.03897386,0.06001633,0.0757528,4486
0.0,0.060658507,0.08077566,0.09877718,0.099706165,1438
0.0,0.022858923,0.04140795,0.06419352,0.08018017,1502
0.0,0.03807194,0.06486653,0.08433035,0.090744264,3076
0.0,0.13833442,0.12007198,0.1380972,0.1257565,453
0.0,0.024900282,0.044747118,0.06788884,0.082875095,2935
0.0,0.24924381,0.2285715,0.22853422,0.21383117,4233
0.0,0.16662303,0.14389232,0.17007917,0.15431279,4744
0.0,0.037315294,0.06412106,0.08369026,0.09035041,1208
0.0,0.08508773,0.09389396,0.110729635,0.10714007,4439
0.0,0.046815086,0.071888685,0.09068068,0.09465704,2503
0.0,0.047064524,0.072027236,0.0907694,0.0947183,3727
0.0,0.104303636,0.10318356,0.119761735,0.11291913,321
0.0,0.061390072,0.081173964,0.09900297,0.09983175,1822
0.0,0.17904693,0.16240467,0.19519904,0.17983866,64
0.0,0.12718411,0.11425712,0.1314135,0.12081767,1442
0.0,0.14430311,0.12345252,0.14218421,0.12893361,3091
0.0,0.044122815,0.069810614,0.08881892,0.093545094,1696
0.0,0.12710978,0.114253186,0.13150968,0.12090788,1450
0.0,0.06760912,0.08478966,0.10227792,0.10183916,3858
0.0,0.046394322,0.07149244,0.0903308,0.09444067,1039
0.0,0.017978447,0.03968835,0.05541343,0.06687707,340
0.0,0.13747452,0.11965895,0.13763171,0.12538368,91
0.0,0.14351246,0.123045094,0.1417948,0.1286081,683
0.0,0.07614493,0.08928436,0.106467165,0.10450489,3322
0.0,0.07653106,0.08954218,0.10666776,0.10459991,4288
0.0,0.14827712,0.12638946,0.14606488,0.13215841,4046
0.0,0.061605528,0.08130717,0.09901507,0.09978644,4677
0.0,0.18008111,0.16360016,0.19646169,0.18112312,923
0.0,0.06030492,0.08050722,0.09842742,0.09949682,4989
0.0,0.111920595,0.10689371,0.123713784,0.11554203,384
0.0,0.16365613,0.13976958,0.16419393,0.14856456,596
0.0,0.08398592,0.09334705,0.110097475,0.106716186,183
0.0,0.09742154,0.09995322,0.1166282,0.11089012,3110
0.0,0.07380533,0.08808652,0.1053096,0.103724465,530
0.0,0.026898261,0.04860459,0.071122564,0.084527224,3743
0.0,0.015705112,0.051341347,0.052319292,0.052979995,1808
0.0,0.059852857,0.080427915,0.09825823,0.099268876,18
0.0,0.12131005,0.11137152,0.12828916,0.11863261,2740
0.0,0.053767018,0.07648468,0.094819255,0.097266234,2043
0.0,0.035890345,0.062636085,0.08236165,0.08959406,3161
0.0,0.09387811,0.09829064,0.114857115,0.109748766,2569
0.0,0.13292606,0.11712732,0.13475849,0.12322785,1394
0.0,0.07386114,0.088119596,0.10533985,0.10376186,1811
0.0,0.03039347,0.0552289,0.0762808,0.08672134,4428
0.0,0.069819175,0.085951746,0.103451476,0.10261375,2007
0.0,0.036634278,0.06340637,0.0830795,0.08999507,4032
0.0,0.019052245,0.03877251,0.05721172,0.07098777,3074
0.0,0.01710496,0.04135957,0.054183226,0.06303082,765
0.0,0.08052548,0.091552824,0.108524516,0.10575594,4955
0.0,0.053583767,0.076357566,0.09470096,0.09718911,27
0.0,0.03339077,0.0597381,0.07993644,0.08829423,2975
0.0,0.08451999,0.093637586,0.11033802,0.10686543,2663
0.0,0.0897608,0.09623017,0.11292265,0.10852741,4434
0.0,0.05878593,0.0796234,0.09761272,0.09896853,328
0.0,0.08640004,0.09458915,0.111193515,0.10738871,2909
0.0,0.10893491,0.105535306,0.12227384,0.11459001,4039
0.0,0.020336455,0.038323913,0.059567057,0.07559266,751
0.0,0.08338893,0.09310814,0.109865196,0.106539816,3031
0.0,0.087269254,0.09501115,0.1118609,0.107881546,4700
0.0,0.1484097,0.1260361,0.1454254,0.13154677,1778
0.0,0.067812316,0.08483238,0.10243568,0.101983435,2870
0.0,0.13975166,0.12088285,0.13899775,0.12644346,1397
0.0,0.13127176,0.116597645,0.13409485,0.12283373,4030
0.0,0.02622404,0.047576513,0.07012685,0.083790794,3477
0.0,0.031991504,0.057791453,0.07837216,0.08754222,1893
0.0,0.049297366,0.07360977,0.092238545,0.09562822,4688
0.0,0.18056886,0.16443212,0.19746865,0.18215786,4368
0.0,0.059110947,0.07982319,0.097805925,0.09908708,2069
0.0,0.058531415,0.07951232,0.09770505,0.09904735,170
0.0,0.020958856,0.039044827,0.060642917,0.076710045,1793
0.0,0.13425851,0.117774546,0.13551664,0.12378489,2393
0.0,0.1122418,0.107012935,0.12369715,0.11553067,1292
0.0,0.03781313,0.06458707,0.08408006,0.090642564,1257
0.0,0.12052732,0.11105953,0.12801827,0.11843163,4246
0.0,0.22643344,0.20993623,0.22652926,0.21267423,941
0.0,0.028392738,0.05157868,0.07333995,0.085326925,233
0.0,0.015973108,0.04838007,0.052504923,0.055183552,2028
0.0,0.100546435,0.10151827,0.11813742,0.11187263,1399
0.0,0.083343856,0.092979975,0.10988881,0.10662951,1404
0.0,0.14443074,0.123575576,0.14240992,0.12910251,2725
0.0,0.020944962,0.03888305,0.060676236,0.076859415,646
0.0,0.01904663,0.038151924,0.057420198,0.07173912,2061
0.0,0.08177886,0.092191264,0.10904085,0.106065296,1326
0.0,0.082369454,0.09250767,0.10933092,0.10625183,1341
0.0,0.02212286,0.03989112,0.06350382,0.08005188,297
0.0,0.029476367,0.05363303,0.07507635,0.08607458,2983
0.0,0.018223828,0.039381597,0.055840224,0.06790421,3487
0.0,0.082508214,0.09260395,0.109537885,0.10638903,2819
0.0,0.18291983,0.16756158,0.20113629,0.18595108,1176
0.0,0.09558076,0.099068835,0.11571874,0.11031965,583
0.0,0.105236635,0.10366514,0.120204754,0.11320648,1212
0.0,0.14994377,0.12731993,0.14717953,0.13309439,671
0.0,0.10550678,0.10385244,0.12042397,0.11335369,1253
0.0,0.25107265,0.23023087,0.22875056,0.21392733,4311
0.0,0.114603296,0.10831916,0.124993876,0.1164126,4326
0.0,0.09505083,0.09871313,0.114997596,0.10977932,4739
0.0,0.0409674,0.06730758,0.086567864,0.09213322,4885
0.0,0.18172903,0.16566682,0.19891898,0.18366933,538
0.0,0.06655256,0.08405804,0.10178059,0.10161379,4445
0.0,0.054819677,0.07716978,0.09550156,0.09768559,281
0.0,0.10309399,0.10262364,0.11925748,0.11260241,1577
0.0,0.054689437,0.07714065,0.0953971,0.09758451,448
0.0,0.0939034,0.0982109,0.11496551,0.10986349,1029
0.0,0.08605161,0.09444533,0.11109911,0.10731387,2640
0.0,0.06319388,0.08218423,0.10002528,0.100510105,1949
0.0,0.027904911,0.050849296,0.07290117,0.08501153,3155
0.0,0.09528396,0.09895568,0.11551696,0.11016847,459
0.0,0.0402402,0.06670255,0.08602525,0.09179026,2560
0.0,0.11383668,0.10782889,0.12446993,0.11602311,919
0.0,0.1302151,0.1157423,0.13292271,0.12184188,4427
0.0,0.01789941,0.03962247,0.055318236,0.06672921,2002
0.0,0.11289901,0.10732404,0.12406198,0.11576396,136
0.0,0.122075714,0.111713365,0.12885125,0.11900849,524
0.0,0.18558012,0.17134216,0.20524794,0.19025007,4335
0.0,0.056810852,0.07842187,0.09661468,0.09838788,787
0.0,0.20169574,0.18889569,0.21917047,0.2049911,1137
0.0,0.14297116,0.12260766,0.14113158,0.12808143,3358
0.0,0.19618103,0.18338834,0.21566017,0.20132452,3285
0.0,0.037467565,0.06426405,0.08385021,0.090461925,4654
0.0,0.06789285,0.084915824,0.10231624,0.10185316,2556
0.0,0.049002968,0.07334028,0.09194076,0.09544207,456
0.0,0.16368224,0.14012569,0.1647552,0.14919484,2991
0.0,0.0331492,0.05944103,0.079736784,0.08820736,57
0.0,0.04871053,0.0733538,0.09185541,0.09532786,2695
0.0,0.06251089,0.08182478,0.099590495,0.10018339,1827
0.0,0.038441043,0.065103345,0.08457597,0.09095283,2625
0.0,0.0495969,0.07373115,0.09241921,0.095780745,4035
0.0,0.044249415,0.06993611,0.08891459,0.09361229,4635
0.0,0.11017371,0.10607356,0.12253733,0.114703216,1418
0.0,0.1578988,0.1337878,0.15596604,0.14086208,2384
0.0,0.022452787,0.040314626,0.063615575,0.08026488,326
0.0,0.21031788,0.19669634,0.22302823,0.20908241,2767
0.0,0.17287107,0.15312332,0.18314788,0.16742174,1164
0.0,0.038851403,0.065573364,0.08501372,0.09118279,1187
0.0,0.054862555,0.07722077,0.09548596,0.09765965,2957
0.0,0.06362452,0.082481205,0.09999831,0.10038946,810
0.0,0.0156094665,0.053461954,0.052234665,0.05174147,1539
0.0,0.04941186,0.07373192,0.09231018,0.095640026,3617
0.0,0.025533332,0.046149384,0.06897403,0.08330196,3299
0.0,0.026332378,0.047417477,0.070120394,0.08413168,2063
0.0,0.10275274,0.10255124,0.11920088,0.11255576,1098
0.0,0.13644072,0.119062886,0.13700978,0.12491391,4661
0.0,0.07763063,0.09010892,0.10722489,0.10495009,4269
0.0,0.044402577,0.0700835,0.0889894,0.09360252,2669
0.0,0.061322916,0.08108955,0.09899714,0.099855706,4974
0.0,0.0522694,0.07554646,0.09386282,0.0966135,4555
0.0,0.026659643,0.04831385,0.07079032,0.084196776,4350
0.0,0.017132968,0.04146399,0.054268025,0.06305432,826
0.0,0.21357395,0.19962955,0.22418623,0.21023713,214
0.0,0.016482852,0.044463124,0.053331316,0.059035886,1167
0.0,0.042177275,0.06833684,0.08747145,0.09269827,1987
0.0,0.080039546,0.09133208,0.10829285,0.10560869,4079
0.0,0.06693727,0.084407374,0.10200701,0.101683035,710
0.0,0.060345326,0.08062072,0.09863968,0.099637,3967
0.0,0.110349864,0.106166184,0.122870214,0.11496912,4473
0.0,0.091308035,0.09700705,0.113803595,0.10909525,2562
0.0,0.036343943,0.063238755,0.08291284,0.08984678,4099
0.0,0.04207373,0.06830934,0.087287724,0.09249299,691
0.0,0.14995259,0.12762447,0.1475288,0.13344058,3460
0.0,0.016256513,0.04582616,0.052956592,0.057517216,4909
0.0,0.074599825,0.088532664,0.10562038,0.10391089,4043
0.0,0.11210231,0.106957346,0.12374349,0.11554256,702
0.0,0.11532695,0.108399704,0.12513515,0.116485186,3290
0.0,0.14077334,0.121482365,0.13973746,0.12703261,642
0.0,0.17824616,0.1606528,0.19269209,0.17720078,1040
0.0,0.12274949,0.11211328,0.12906815,0.11916585,4746
0.0,0.05748345,0.07878959,0.09689615,0.09855155,3465
0.0,0.03348773,0.059782118,0.07997694,0.088296525,3830
0.0,0.037337575,0.06403307,0.083652,0.09041716,3386
0.0,0.27142602,0.24738917,0.2289037,0.21267664,2604
0.0,0.15432882,0.13039173,0.1513343,0.13664217,4014
0.0,0.08738855,0.09503782,0.11188926,0.10788711,2618
0.0,0.15118048,0.12812735,0.14829367,0.13399456,3136
0.0,0.035282005,0.061927278,0.081828736,0.08932655,3730
0.0,0.1625525,0.1388662,0.16298486,0.14746945,3474
0.0,0.17546956,0.15657783,0.18757868,0.17192484,3475
0.0,0.03601167,0.06278578,0.08254081,0.08977225,758
0.0,0.057498984,0.078891285,0.09700922,0.098586544,4846
0.0,0.028412089,0.05178901,0.073839106,0.08561476,2543
0.0,0.04391417,0.069740795,0.08866741,0.09336574,1727
0.0,0.10068065,0.101500064,0.11801146,0.1117752,921
0.0,0.07131851,0.086811185,0.10424005,0.103091404,3164
0.0,0.015888518,0.04959168,0.05255458,0.054350447,2266
0.0,0.054639887,0.07709275,0.0953194,0.097528495,3976
0.0,0.1452281,0.12423054,0.14327118,0.12984192,223
0.0,0.032508843,0.05837895,0.078877516,0.08788543,3576
0.0,0.15299381,0.12943134,0.14984187,0.1353361,1724
0.0,0.02617306,0.047227714,0.06979405,0.08379957,4349
0.0,0.071139336,0.086606674,0.103928514,0.102890305,2736
0.0,0.075119145,0.08873569,0.10590092,0.104128025,89
0.0,0.025043411,0.045176666,0.06821481,0.08293863,3259
0.0,0.026627606,0.04833407,0.070653714,0.08399732,964
0.0,0.02416607,0.043602664,0.06664245,0.081935495,3557
0.0,0.0916629,0.09713308,0.11366667,0.10897521,2948
0.0,0.20003553,0.1873828,0.21835122,0.20414323,4953
0.0,0.1517195,0.1286888,0.14898062,0.13464566,1143
0.0,0.18501338,0.17016916,0.20393248,0.1889392,2087
0.0,0.09025925,0.09658762,0.113375835,0.1088002,3560
0.0,0.02574294,0.04632319,0.06925516,0.08372842,245
0.0,0.019200772,0.038001593,0.057925,0.07256574,4193
0.0,0.016651927,0.04402483,0.053503204,0.059738547,73
0.0,0.147623,0.12565044,0.14507508,0.13132048,4733
0.0,0.16441342,0.14115404,0.16628833,0.1506345,4604
0.0,0.0684908,0.085231915,0.102542736,0.10197288,149
0.0,0.105687946,0.10392348,0.12041763,0.11333645,2597
0.0,0.18452345,0.16965067,0.2034129,0.18839312,3610
0.0,0.20371771,0.19080332,0.22039692,0.20637906,406
0.0,0.1542574,0.13040754,0.15127486,0.1366041,3254
0.0,0.066925235,0.084324546,0.10190377,0.101642445,50
0.0,0.091730446,0.097256504,0.11388572,0.10910103,3483
0.0,0.070295416,0.08623142,0.10357454,0.10263935,2492
0.0,0.21429513,0.20024954,0.22441436,0.21046963,1503
0.0,0.06758304,0.08471048,0.102330334,0.10192498,2521
0.0,0.05810352,0.079279654,0.09730733,0.09875266,4041
0.0,0.028504433,0.05194158,0.07360877,0.085323974,4095
0.0,0.08446599,0.09361686,0.11053187,0.107032746,4982
0.0,0.11621184,0.108878784,0.12571256,0.116864,3634
0.0,0.062061504,0.08156442,0.09939387,0.10007576,3114
0.0,0.10451466,0.10341524,0.1198879,0.112981744,2152
0.0,0.07790757,0.090175584,0.107111685,0.10485092,1365
0.0,0.04710967,0.07203545,0.090710506,0.09467981,3291
0.0,0.031393144,0.056984395,0.07770839,0.087113574,3418
0.0,0.034645543,0.061157417,0.08113571,0.08896126,4191
0.0,0.04769211,0.07240863,0.091162,0.09500616,1978
0.0,0.017896248,0.039817464,0.055371925,0.06658479,819
0.0,0.15568246,0.13197812,0.15344392,0.13855252,3382
0.0,0.033804018,0.0602992,0.08043044,0.08849567,1513
0.0,0.019119376,0.038430948,0.05742301,0.071595974,3422
0.0,0.09222062,0.09741711,0.114037514,0.10923238,3447
0.0,0.058827855,0.07968912,0.09764072,0.098977916,940
0.0,0.1812551,0.16487348,0.19780833,0.18253665,2596
0.0,0.016778423,0.043255784,0.053663537,0.060628667,3376
0.0,0.01756423,0.040515896,0.054785818,0.0649921,3392
0.0,0.017252488,0.041225623,0.05431522,0.06350919,2388
0.0,0.053478796,0.07632068,0.09467862,0.09716207,2908
0.0,0.017692482,0.03963278,0.055195734,0.06626632,3881
0.0,0.024633624,0.044442598,0.067223206,0.08227811,3683
0.0,0.03899243,0.06567808,0.08505817,0.09119651,4565
0.0,0.092136905,0.097457655,0.114245534,0.10939055,946
0.0,0.13336599,0.11759216,0.13526718,0.123638265,440
0.0,0.15155858,0.12841143,0.14859086,0.13427654,645
0.0,0.028717011,0.05239769,0.07419237,0.08569683,2720
0.0,0.087864146,0.09525123,0.11210028,0.108036175,3276
0.0,0.09147286,0.09702264,0.11375625,0.10906703,1967
0.0,0.032618117,0.058528498,0.078950666,0.087839685,4161
0.0,0.043953303,0.06971944,0.088714644,0.093409926,343
0.0,0.09969646,0.101119265,0.11771944,0.11160632,4586
0.0,0.16888404,0.14618807,0.1732993,0.15742645,1499
0.0,0.047624707,0.07245543,0.09114797,0.09493375,1578
0.0,0.030106178,0.055394255,0.07659488,0.08663061,848
0.0,0.07202946,0.087110616,0.104312554,0.103093565,1903
0.0,0.0176071,0.040940396,0.05470106,0.06463266,3301
0.0,0.055196296,0.07738815,0.095603295,0.09773879,912
0.0,0.07427936,0.08833767,0.10552716,0.103883825,1852
0.0,0.051178604,0.07477196,0.093235865,0.09627045,2223
0.0,0.14003481,0.12115229,0.1395495,0.12687229,1277
0.0,0.07434631,0.08844679,0.10576667,0.10402296,2706
0.0,0.03706801,0.063831784,0.0834339,0.09022667,4788
0.0,0.099848256,0.10117788,0.11796622,0.11176571,3427
0.0,0.1518083,0.12863241,0.14892413,0.13459542,2363
0.0,0.047117975,0.07203134,0.090716064,0.094674386,1961
0.0,0.19541116,0.18229993,0.21480964,0.20043695,329
0.0,0.026958486,0.04897675,0.071220934,0.08434218,1624
0.0,0.08622442,0.09455336,0.11140394,0.10757821,3754
0.0,0.0844673,0.0935426,0.110339515,0.10690454,1970
0.0,0.01648121,0.043853134,0.053213205,0.0595082,3992
0.0,0.052448027,0.07565764,0.09403623,0.09675765,3363
0.0,0.059091847,0.07985588,0.09783208,0.09907013,2501
0.0,0.0925218,0.0975526,0.11430774,0.10943873,3599
0.0,0.07581535,0.08915909,0.10622428,0.10429086,879
0.0,0.02572017,0.04642733,0.069028,0.083361626,2014
0.0,0.108798064,0.10534521,0.12194181,0.114339426,3017
0.0,0.022959588,0.041470855,0.06454438,0.08055891,3946
0.0,0.055635925,0.077677175,0.09584172,0.097872294,219
0.0,0.0212342,0.0393212,0.061089233,0.077222645,2048
0.0,0.023405232,0.042046756,0.06501578,0.08108856,1297
0.0,0.034258794,0.060599603,0.080711775,0.08879765,3431
0.0,0.1667877,0.14418979,0.1705489,0.15477997,2119
0.0,0.11025881,0.106209494,0.123038456,0.11509705,1875
0.0,0.12027547,0.11094421,0.12783797,0.11832764,3406
0.0,0.12922321,0.11528477,0.13243738,0.12153336,3497
0.0,0.03431351,0.060923025,0.08096192,0.08881358,3912
0.0,0.15831019,0.13428228,0.15651238,0.14140254,2731
0.0,0.045588374,0.07098733,0.089821175,0.09410361,4197
0.0,0.034022734,0.060546417,0.08066262,0.08868028,1796
0.0,0.13421369,0.11780676,0.13543127,0.123729065,3806
0.0,0.02124657,0.03932842,0.06116863,0.07729525,4997
0.0,0.05054629,0.07443197,0.09288123,0.09599768,1322
0.0,0.051683735,0.07516681,0.0936149,0.096476145,4188
0.0,0.028994512,0.052803494,0.074413374,0.08572802,334
0.0,0.032871466,0.059107017,0.079413995,0.087919615,1557
0.0,0.028398415,0.051563278,0.0735977,0.08557428,414
0.0,0.046775043,0.07179427,0.090587474,0.094604,3839
0.0,0.1843811,0.16940606,0.20311084,0.18803927,4142
0.0,0.063218616,0.082301825,0.10023009,0.100608096,3296
0.0,0.06444379,0.082943566,0.10079339,0.100975305,1817
0.0,0.033388235,0.0597007,0.07991949,0.08825931,1732
0.0,0.13699876,0.11944306,0.13740668,0.12524527,2526
0.0,0.12838668,0.11489835,0.13204142,0.12127616,66
0.0,0.020297438,0.03835615,0.05928016,0.07524421,4411
0.0,0.13812326,0.12007885,0.13824546,0.12587477,4277
0.0,0.07379404,0.08809668,0.10544799,0.103856,3208
0.0,0.03215971,0.05799284,0.078527786,0.087668255,1021
0.0,0.0598112,0.08030361,0.098380536,0.09947556,3896
0.0,0.031652696,0.05729221,0.07797197,0.08730279,1533
0.0,0.10143759,0.102100015,0.118711896,0.11223732,3994
0.0,0.113154955,0.107461095,0.12416621,0.11584116,1944
0.0,0.11182924,0.106900245,0.12352396,0.11538251,4002
0.0,0.048381433,0.07288466,0.09148298,0.09514145,1676
0.0,0.061627947,0.08132135,0.0990385,0.09980877,1661
0.0,0.10994445,0.10587123,0.122425735,0.11466814,3500
0.0,0.10441995,0.10326785,0.11960384,0.11276707,4529
0.0,0.10091033,0.101609595,0.11817003,0.1118915,306
0.0,0.080559574,0.091593176,0.10849211,0.105722696,2096
0.0,0.08642245,0.09460249,0.111538835,0.10767756,3201
0.0,0.0240824,0.043436714,0.06637966,0.08176733,4110
0.0,0.09134513,0.09698335,0.113784015,0.109109156,2766
0.0,0.22841023,0.21181646,0.22710754,0.21311012,4212
0.0,0.064991206,0.083269715,0.10098662,0.101075195,478
0.0,0.053896587,0.07659632,0.094897635,0.09731577,906
0.0,0.056268074,0.078083664,0.09621848,0.098109,1281
0.0,0.015443033,0.060773723,0.051307034,0.047910195,3721
0.0,0.021384269,0.03958695,0.061500944,0.07751944,2555
0.0,0.10407195,0.103118405,0.119633555,0.11282734,2765
0.0,0.14180225,0.12231066,0.14104296,0.12805761,4135
0.0,0.048438333,0.07304523,0.09175774,0.09532634,3252
0.0,0.07814728,0.090402685,0.1074264,0.10505077,2095
0.0,0.17949203,0.16285218,0.19574828,0.18035658,2262
0.0,0.046183307,0.07147867,0.09027155,0.09438079,925
0.0,0.015766134,0.05109603,0.052293044,0.053197723,533
0.0,0.15539798,0.13158962,0.15273446,0.13794258,1195
0.0,0.07952234,0.09102608,0.10809845,0.10552674,829
0.0,0.16736658,0.14497289,0.17159101,0.15581457,2473
0.0,0.028828438,0.052526418,0.07417333,0.085613124,922
0.0,0.074400984,0.088369094,0.10545014,0.1038114,4792
0.0,0.039408986,0.06603345,0.085384175,0.091355145,3559
0.0,0.03453292,0.06106737,0.081085145,0.088977076,2162
0.0,0.10881377,0.105388984,0.12207729,0.114460416,3654
0.0,0.06389631,0.082669556,0.100608096,0.100856975,236
0.0,0.038300164,0.06501198,0.0845075,0.090924196,3032
0.0,0.16828762,0.14595805,0.17308185,0.15727745,445
0.0,0.08744743,0.09507706,0.11172894,0.10775366,2654
0.0,0.01965534,0.037827596,0.05857819,0.07406717,4679
0.0,0.063752264,0.08247594,0.100270845,0.100655854,1311
0.0,0.04482429,0.07036886,0.08924337,0.09375319,4038
0.0,0.018537957,0.03897237,0.05636543,0.06924014,2008
0.0,0.03121996,0.056723565,0.077473216,0.08701599,2941
0.0,0.16346997,0.13970739,0.16402599,0.14845595,2546
0.0,0.16800982,0.1460041,0.17311844,0.15731798,4495
0.0,0.040032573,0.06655133,0.08588031,0.09173588,756
0.0,0.039668757,0.06622604,0.08557953,0.091496035,88
0.0,0.029815216,0.054566182,0.07596076,0.08638867,3302
0.0,0.017369887,0.04090355,0.05453311,0.06411916,2832
0.0,0.05156996,0.07516536,0.093473986,0.096350886,1771
0.0,0.14419247,0.12344198,0.14223757,0.1289749,1723
0.0,0.040348746,0.06675898,0.08603258,0.09182408,1744
0.0,0.034503322,0.061108187,0.08109845,0.08890782,1528
0.0,0.07008739,0.08610313,0.10365719,0.10275973,874
0.0,0.07853472,0.090589985,0.10777078,0.10531968,4475
0.0,0.025918704,0.047035296,0.06941777,0.083320715,1284
0.0,0.05345834,0.07627627,0.094697274,0.09719279,4222
0.0,0.0405729,0.06705166,0.08632722,0.0920209,1492
0.0,0.04827909,0.07281793,0.09149549,0.09518675,1897
0.0,0.18585894,0.17150144,0.205511,0.19056225,195
0.0,0.016632935,0.044154868,0.053443313,0.059582554,2491
0.0,0.034300726,0.060785726,0.08086208,0.08885393,4966
0.0,0.112288676,0.10698926,0.123689145,0.115508795,887
0.0,0.05498544,0.07727494,0.09546212,0.097622566,3104
0.0,0.018749975,0.038762305,0.056652714,0.07003482,2326
0.0,0.060324337,0.08060532,0.09856796,0.09955208,1312
0.0,0.08321662,0.09297324,0.10991657,0.10663508,1584
0.0,0.030979019,0.05640329,0.07727671,0.086912505,2293
0.0,0.03323223,0.059633996,0.07986809,0.088259846,4550
0.0,0.016342482,0.045560468,0.05306546,0.05788259,3131
0.0,0.07947434,0.091089316,0.10808807,0.10547085,4844
0.0,0.16081703,0.13692121,0.1602176,0.14482728,1119
0.0,0.020435737,0.03878008,0.059784703,0.075398,4796
0.0,0.04078854,0.06724962,0.08646695,0.09198871,4347
0.0,0.12605438,0.11373114,0.13094145,0.120495096,3791
0.0,0.025248358,0.045790747,0.06916528,0.08340308,1462
0.0,0.105072126,0.10361808,0.1201741,0.11316986,4126
0.0,0.11691915,0.10921999,0.12588622,0.116961785,4636
0.0,0.053655628,0.07652101,0.09484484,0.09722557,4264
0.0,0.034599137,0.061224923,0.08121595,0.088986784,4637
0.0,0.17657311,0.15850675,0.19017605,0.17459007,1016
0.0,0.020431181,0.038187377,0.060221415,0.076335035,4773
0.0,0.10199817,0.102145545,0.11878515,0.11229379,2530
0.0,0.0712085,0.08666843,0.10408258,0.10300269,4762
0.0,0.049970727,0.07412595,0.09265177,0.095831655,3514
0.0,0.2104051,0.19700094,0.22323386,0.20918259,576
0.0,0.03225101,0.058206208,0.078646354,0.08763473,4706
0.0,0.14939629,0.12709697,0.14695758,0.13293086,1952
